1.000494
1.000441
1.000389
1.000339
1.000290
1.000242
1.000196
1.000151
1.000108
1.000066
1.000025
0.999986
0.999948
0.999912
0.999877
0.999843
0.999811
0.999781
0.999751
0.999723
0.999697
0.999672
0.999648
0.999626
0.999605
0.999586
0.999568
0.999551
0.999536
0.999522
0.999510
0.999499
0.999490
0.999482
0.999475
0.999470
0.999466
0.999463
0.999462
0.999463
0.999464
0.999468
0.999472
0.999478
0.999486
0.999494
0.999505
0.999516
0.999529
0.999544
0.999560
0.999577
0.999596
0.999616
0.999638
0.999661
0.999685
0.999711
0.999738
0.999766
0.999797
0.999828
0.999861
0.999895
0.999931
0.999968
1.000006
1.000046
1.000087
1.000130
1.000174
1.000220
1.000267
1.000315
1.000365
1.000416
1.000469
1.000523
1.000578
1.000635
1.000693
1.000753
1.000814
1.000877
1.000940
1.001006
1.001073
1.001141
1.001210
1.001281
1.001354
1.001427
1.001503
1.001579
1.001657
1.001737
1.001817
1.001900
1.001983
0.996046
0.976741
0.994681
1.001423
1.001341
1.001260
1.001181
1.001105
1.001030
1.000958
1.000888
1.000820
1.000754
1.000690
1.000628
1.000568
1.000511
1.000455
1.000402
1.000351
1.000302
1.000254
1.000210
1.000167
1.000126
1.000087
1.000051
1.000017
0.999984
0.999954
0.999926
0.999900
0.999876
0.999854
0.999835
0.999817
0.999802
0.999788
0.999777
0.999768
0.999761
0.999756
0.999753
0.999753
0.999754
0.999758
0.999763
0.999771
0.999781
0.999793
0.999807
0.999823
0.999841
0.999862
0.999884
0.999909
0.999935
0.999964
0.999995
1.000028
1.000063
1.000101
1.000140
1.000181
1.000225
1.000271
1.000318
1.000368
1.000420
1.000474
1.000530
1.000589
1.000649
1.000712
1.000776
0.969479
0.875536
0.948795
1.002109
1.002024
1.001939
1.001856
1.001775
1.001695
1.001616
1.001539
1.001463
1.001389
1.001315
1.001244
1.001174
1.001105
1.001037
1.000971
1.000907
1.000844
1.000782
1.000722
1.000663
1.000605
1.000549
1.000494

0.772964
0.071542
-0.239211
-0.190915
0.998542
