0.889657
0.890319
0.892333
0.895699
0.900417
0.906487
0.913910
0.922684
0.932810
0.944289
0.957119
0.971301
0.981960
0.984042
0.986061
0.988016
0.989908
0.991735
0.993498
0.995197
0.996833
0.998404
0.999912
1.001356
1.002736
1.004051
1.005303
1.006491
1.007616
1.008676
1.009672
1.010605
1.011473
1.012278
1.013018
1.013695
1.014308
1.014857
1.015342
1.015763
1.016120
1.016413
1.016643
1.016808
1.016910
1.016947
1.016921
1.016831
1.016677
1.016458
1.016177
1.015831
1.015421
1.014947
1.014410
1.013808
1.013143
1.012413
1.011620
1.010763
1.009842
1.008857
1.007808
1.006695
1.005518
1.004277
1.002973
1.001604
1.000172
0.998676
0.997115
0.995491
0.993803
0.992051
0.990235
0.988355
0.986412
0.984404
0.982333
0.980197
0.977998
0.975734
0.973407
0.971016
0.968561
0.966042
0.963459
0.960813
0.945446
0.917181
0.891362
0.867987
0.847058
0.828574
0.812534
0.798940
0.787791
0.779087
0.772828
0.769014
0.767645
0.768721
0.772243
0.778209
0.786621
0.797477
0.810779
0.826525
0.844717
0.865354
0.888436
0.913963
0.941935
0.961472
0.964098
0.966661
0.969160
0.971596
0.973967
0.976275
0.978519
0.980699
0.982816
0.984869
0.986858
0.988783
0.990644
0.992442
0.994176
0.995846
0.997452
0.998995
1.000474
1.001889
1.003240
1.004528
1.005752
1.006912
1.008008
1.009040
1.010009
1.010914
1.011755
1.012533
1.013246
1.013896
1.014483
1.015005
1.015463
1.015858
1.016189
1.016457
1.016660
1.016800
1.016876
1.016888
1.016837
1.016721
1.016542
1.016300
1.015993
1.015623
1.015188
1.014691
1.014129
1.013503
1.012814
1.012061
1.011245
1.010364
1.009420
1.008412
1.007340
1.006204
1.005005
1.003742
1.002415
1.001025
0.999570
0.998052
0.996470
0.994824
0.993115
0.991342
0.989505
0.987604
0.985639
0.983611
0.981519
0.971612
0.957401
0.944543
0.933036
0.922881
0.914079
0.906629
0.900530
0.895784
0.892390
0.890347
0.889657

0.705683
0.589169
0.011122
-0.000743
0.947395
