0.996970
0.996775
0.996575
0.996370
0.996162
0.990942
0.978854
0.975553
0.981041
0.995318
1.000149
1.000183
1.000216
1.000248
1.000278
1.000307
1.000334
1.000360
1.000385
1.000408
1.000430
1.000451
1.000470
1.000487
1.000504
1.000518
1.000532
1.000544
1.000555
1.000564
1.000572
1.000578
1.000583
1.000587
1.000589
1.000590
1.000590
1.000588
1.000584
1.000580
1.000574
1.000566
1.000557
1.000547
1.000535
1.000522
1.000508
1.000492
1.000475
1.000456
1.000436
1.000414
1.000391
1.000367
1.000342
1.000314
1.000286
1.000256
1.000225
1.000192
1.000158
1.000123
1.000086
1.000048
1.000008
0.999967
0.999925
0.999881
0.999836
0.999789
0.999741
0.999692
0.999641
0.999589
0.999535
0.999480
0.999424
0.999366
0.999307
0.999246
0.999184
0.999121
0.999056
0.998990
0.998922
0.998853
0.998783
0.998711
0.998638
0.998563
0.998487
0.998410
0.998331
0.998251
0.998170
0.998087
0.998002
0.997917
0.997830
0.817225
0.723657
0.822237
0.994833
0.995068
0.995298
0.995524
0.995746
0.995963
0.996176
0.996384
0.996588
0.996788
0.996983
0.997174
0.997360
0.997542
0.997720
0.997893
0.998062
0.998227
0.998387
0.998543
0.998694
0.998841
0.998983
0.999122
0.999255
0.999385
0.999510
0.999630
0.999747
0.999858
0.999966
1.000069
1.000168
1.000262
1.000352
1.000437
1.000518
1.000595
1.000667
1.000735
1.000799
1.000858
1.000912
1.000963
1.001009
1.001050
1.001088
1.001120
1.001149
1.001173
1.001192
1.001208
1.001218
1.001225
1.001227
1.001225
1.001218
1.001207
1.001191
1.001171
1.001147
1.001118
1.001085
1.001048
1.001006
1.000960
1.000909
1.000854
1.000795
1.000731
1.000663
1.000590
1.000513
1.000432
1.000346
1.000256
1.000161
1.000062
0.999959
0.999851
0.999739
0.999622
0.999502
0.999376
0.999247
0.999113
0.998974
0.998831
0.998684
0.998532
0.998376
0.998216
0.998051
0.997882
0.997708
0.997530
0.997348
0.997161
0.996970

0.903385
0.113791
0.344106
0.050385
0.997393
