0.825786
0.823537
0.823566
0.825872
0.830455
0.837316
0.846453
0.857868
0.871560
0.887529
0.905775
0.926298
0.949098
0.974176
0.978966
0.980666
0.982315
0.983914
0.985463
0.986961
0.988409
0.989807
0.991155
0.992452
0.993698
0.994895
0.996041
0.997136
0.998182
0.999177
1.000121
1.001016
1.001859
1.002653
1.003396
1.004089
1.004732
1.005324
1.005866
1.006358
1.006799
1.007190
1.007531
1.007821
1.008061
1.008250
1.008389
1.008478
1.008517
1.008505
1.008443
1.008330
1.008168
1.007954
1.007691
1.007377
1.007013
1.006598
1.006133
1.005618
1.005053
1.004437
1.003771
1.003054
1.002287
1.001470
1.000602
0.999684
0.998716
0.997698
0.996629
0.995509
0.994340
0.993120
0.991849
0.990529
0.989158
0.987737
0.986265
0.984743
0.983171
0.981548
0.979875
0.978152
0.976378
0.974554
0.972679
0.970755
0.968780
0.947038
0.911947
0.880205
0.851812
0.826768
0.805074
0.786728
0.771732
0.760085
0.751787
0.746838
0.745239
0.746988
0.752087
0.760535
0.772332
0.787478
0.805973
0.827818
0.853011
0.881554
0.913446
0.948687
0.977380
0.978805
0.980194
0.981547
0.982864
0.984145
0.985391
0.986600
0.987774
0.988911
0.990013
0.991078
0.992108
0.993102
0.994060
0.994982
0.995868
0.996718
0.997533
0.998311
0.999054
0.999760
1.000431
1.001066
1.001664
1.002227
1.002754
1.003245
1.003700
1.004120
1.004503
1.004850
1.005162
1.005437
1.005677
1.005881
1.006049
1.006181
1.006277
1.006337
1.006361
1.006349
1.006301
1.006218
1.006098
1.005943
1.005751
1.005524
1.005261
1.004962
1.004627
1.004256
1.003849
1.003406
1.002928
1.002413
1.001863
1.001276
1.000654
0.999996
0.999302
0.998571
0.997805
0.997004
0.996166
0.995292
0.994382
0.993437
0.992455
0.991438
0.990385
0.989295
0.988170
0.987009
0.985812
0.984579
0.983310
0.982006
0.973511
0.948491
0.925749
0.905283
0.887095
0.871184
0.857550
0.846193
0.837113
0.830311
0.825786

0.835964
0.501499
-0.002637
0.011515
0.972998
