1.001262
1.001078
1.000900
1.000727
1.000560
1.000398
1.000242
1.000091
0.999945
0.999805
0.999671
0.999542
0.999418
0.999300
0.999187
0.999079
0.998977
0.998881
0.998789
0.998704
0.998624
0.998549
0.998479
0.998415
0.998357
0.998304
0.998256
0.998214
0.998177
0.998146
0.998120
0.998100
0.998085
0.998075
0.998071
0.998072
0.998079
0.998091
0.998109
0.998132
0.998161
0.998194
0.998234
0.998279
0.998329
0.998385
0.998446
0.998512
0.998584
0.998662
0.998745
0.998833
0.998927
0.999026
0.999131
0.999241
0.999356
0.999477
0.999604
0.999735
0.999873
1.000015
1.000164
1.000317
1.000476
1.000641
1.000810
1.000986
1.001167
1.001353
1.001544
1.001742
1.001944
1.002152
1.002365
1.002584
1.002809
1.003038
1.003273
1.003514
1.003760
1.004011
1.004268
1.004531
1.004798
1.005072
1.005350
1.005634
1.005924
1.006219
1.006519
1.006825
1.007136
1.007453
1.007775
1.008103
1.008436
1.008774
0.916014
0.645891
0.556593
0.648119
0.920470
0.995718
0.996116
0.996502
0.996874
0.997233
0.997579
0.997911
0.998231
0.998537
0.998830
0.999109
0.999376
0.999629
0.999869
1.000096
1.000310
1.000510
1.000697
1.000871
1.001032
1.001179
1.001313
1.001434
1.001542
1.001637
1.001718
1.001786
1.001841
1.001883
1.001911
1.001927
1.001929
1.001918
1.001893
1.001855
1.001805
1.001741
1.001663
1.001573
1.001469
1.001352
1.001222
1.001078
1.000922
1.000752
1.000569
1.000373
1.000163
0.999940
0.999704
0.999455
0.999193
0.998917
0.998628
0.998326
0.998011
0.997682
0.997341
0.996986
0.996618
0.996236
0.995842
0.995434
0.995013
0.994578
0.994131
0.993670
0.993196
0.992709
0.992209
0.991695
0.991168
0.858512
0.735703
0.655204
0.617013
0.621131
0.667557
0.756293
0.887337
1.005215
1.004938
1.004668
1.004403
1.004143
1.003889
1.003640
1.003397
1.003159
1.002926
1.002699
1.002477
1.002261
1.002050
1.001845
1.001645
1.001451
1.001262

0.975748
0.129217
0.351470
-0.159225
1.000000
