0.937369
0.940949
0.944443
0.947849
0.951170
0.954403
0.957550
0.960611
0.963584
0.966472
0.969272
0.971986
0.974614
0.977155
0.979609
0.981977
0.984258
0.986453
0.988561
0.990582
0.992517
0.994366
0.996127
0.997802
0.999391
1.000893
1.003083
1.005322
1.007461
1.009498
1.011435
1.013270
1.015005
1.016638
1.018170
1.019602
1.020932
1.022161
1.023290
1.024317
1.025243
1.026069
1.026793
1.027416
1.027939
1.028360
1.028680
1.028899
1.029018
1.029035
1.028951
1.028766
1.028480
1.028093
1.027606
1.027017
1.026327
1.025536
1.024644
1.023651
1.022557
1.021362
1.020066
1.018669
1.017171
1.015572
1.013872
1.012071
1.010169
1.008166
1.006062
1.003857
1.001551
0.999144
0.996636
0.994026
0.991316
0.988505
0.985593
0.982580
0.979466
0.976250
0.972934
0.969517
0.965999
0.962379
0.958659
0.954838
0.950915
0.946892
0.942768
0.938542
0.934127
0.926450
0.919762
0.914063
0.909353
0.905631
0.902899
0.901156
0.900401
0.900636
0.901859
0.904071
0.907273
0.911463
0.916642
0.922810
0.929967
0.938112
0.947247
0.952366
0.955868
0.959286
0.962620
0.965869
0.969034
0.972114
0.975111
0.978023
0.980851
0.983594
0.986253
0.988828
0.991319
0.993725
0.996047
0.998285
1.000438
1.002508
1.004493
1.006393
1.008209
1.009941
1.011589
1.013153
1.014632
1.016027
1.017337
1.018564
1.019706
1.020763
1.021737
1.022626
1.023431
1.024151
1.024787
1.025339
1.025807
1.026191
1.026490
1.026704
1.026835
1.026881
1.026843
1.026721
1.026514
1.026223
1.025848
1.025389
1.024845
1.024217
1.023504
1.022708
1.021827
1.020862
1.019812
1.018678
1.017460
1.016158
1.014771
1.013300
1.011745
1.010106
1.008382
1.006574
1.004681
1.002705
1.000644
0.998498
0.996269
0.993955
0.991557
0.989074
0.986508
0.983857
0.981121
0.978302
0.975398
0.972410
0.969337
0.966181
0.962940
0.959614
0.956205
0.952711
0.949133
0.945470
0.941724
0.937893
0.937369

0.729944
0.653705
0.003776
0.001834
0.879346
