0.766665
0.770283
0.775912
0.783552
0.793203
0.804864
0.818537
0.834221
0.851916
0.871622
0.893339
0.917066
0.942805
0.954092
0.957292
0.960402
0.963424
0.966357
0.969200
0.971954
0.974620
0.977196
0.979683
0.982080
0.984389
0.986609
0.988739
0.990781
0.992733
0.994596
0.996370
0.998055
0.999651
1.001157
1.002575
1.003903
1.005142
1.006293
1.007354
1.008326
1.009208
1.010002
1.010707
1.011322
1.011848
1.012286
1.012634
1.012893
1.013063
1.013143
1.013135
1.013037
1.012851
1.012575
1.012210
1.011756
1.011213
1.010581
1.009860
1.009049
1.008150
1.007161
1.006083
1.004916
1.003660
1.002315
1.000881
0.999357
0.997745
0.996043
0.994252
0.992373
0.990404
0.988346
0.986198
0.983962
0.981636
0.979222
0.976718
0.974125
0.971443
0.968672
0.965812
0.962863
0.959824
0.956697
0.950091
0.918543
0.889344
0.862494
0.837993
0.815840
0.796037
0.778583
0.763477
0.750720
0.740313
0.732254
0.726544
0.723183
0.722171
0.723508
0.727194
0.733228
0.741612
0.752344
0.765426
0.780856
0.798636
0.818764
0.841241
0.866067
0.893242
0.922766
0.941816
0.945954
0.949975
0.953877
0.957662
0.961329
0.964879
0.968310
0.971624
0.974820
0.977898
0.980858
0.983700
0.986425
0.989032
0.991521
0.993892
0.996146
0.998282
1.000300
1.002200
1.003982
1.005646
1.007193
1.008622
1.009933
1.011127
1.012202
1.013160
1.014000
1.014722
1.015326
1.015813
1.016182
1.016433
1.016566
1.016581
1.016479
1.016259
1.015921
1.015465
1.014891
1.014200
1.013391
1.012464
1.011419
1.010257
1.008976
1.007578
1.006062
1.004428
1.002677
1.000807
0.998820
0.996715
0.994493
0.992152
0.989694
0.987118
0.984424
0.981612
0.978683
0.975635
0.972470
0.969187
0.965787
0.962268
0.958632
0.954878
0.951006
0.947016
0.942909
0.927169
0.902633
0.880108
0.859594
0.841091
0.824599
0.810118
0.797648
0.787189
0.778740
0.772303
0.767877
0.765462
0.765058
0.766665

0.950219
0.621382
0.019030
-0.011769
0.969743
