0.698144
0.712309
0.735516
0.767765
0.809055
0.859386
0.918759
0.981099
0.982403
0.983673
0.984909
0.986110
0.987277
0.988409
0.989508
0.990571
0.991601
0.992596
0.993556
0.994483
0.995374
0.996232
0.997055
0.997844
0.998598
0.999318
1.000004
1.000655
1.001272
1.001855
1.002403
1.002916
1.003396
1.003841
1.004252
1.004628
1.004970
1.005277
1.005550
1.005789
1.005994
1.006164
1.006299
1.006401
1.006467
1.006500
1.006498
1.006462
1.006391
1.006286
1.006147
1.005973
1.005765
1.005523
1.005246
1.004935
1.004589
1.004209
1.003795
1.003346
1.002863
1.002346
1.001794
1.001208
1.000587
0.999932
0.999243
0.998519
0.997761
0.996969
0.996142
0.995281
0.994385
0.993455
0.992491
0.991493
0.990459
0.989392
0.988290
0.987154
0.985984
0.984779
0.983539
0.982266
0.980958
0.979615
0.978239
0.976827
0.975382
0.973902
0.972388
0.970839
0.969256
0.869358
0.772673
0.690922
0.624104
0.572219
0.535269
0.513251
0.506167
0.514017
0.536800
0.574517
0.627167
0.694751
0.777268
0.874719
0.961556
0.963495
0.965394
0.967251
0.969066
0.970840
0.972573
0.974264
0.975914
0.977522
0.979089
0.980615
0.982099
0.983541
0.984943
0.986303
0.987621
0.988898
0.990134
0.991328
0.992481
0.993592
0.994662
0.995690
0.996677
0.997623
0.998527
0.999390
1.000211
1.000991
1.001730
1.002427
1.003083
1.003697
1.004270
1.004801
1.005291
1.005740
1.006147
1.006513
1.006837
1.007120
1.007362
1.007562
1.007720
1.007838
1.007913
1.007948
1.007941
1.007892
1.007802
1.007671
1.007498
1.007284
1.007029
1.006732
1.006393
1.006014
1.005592
1.005130
1.004626
1.004080
1.003493
1.002865
1.002195
1.001484
1.000731
0.999937
0.999102
0.998225
0.997307
0.996347
0.995346
0.994304
0.993220
0.992094
0.990927
0.989719
0.988470
0.987178
0.985846
0.984472
0.983057
0.977521
0.910314
0.852147
0.803022
0.762939
0.731897
0.709896
0.696937
0.693020
0.698144

0.801941
0.343896
-0.018812
-0.008049
0.999435
