0.996503
0.996592
0.996681
0.996772
0.996863
0.996954
0.997046
0.997139
0.997233
0.997327
0.997422
0.997517
0.997613
0.997710
0.997808
0.997906
0.998004
0.998104
0.998204
0.998305
0.998406
0.998508
0.998611
0.998714
0.998818
0.998923
0.999028
0.999134
0.999241
0.999348
0.999456
0.999564
0.999674
0.999783
0.999894
1.000005
1.000117
1.000230
1.000343
1.000457
1.000571
1.000686
1.000802
1.000918
1.001035
1.001153
1.001271
1.001390
1.001510
1.001631
1.001752
1.001873
1.001995
1.002118
1.002242
1.002366
1.002491
1.002617
1.002743
1.002870
1.002998
1.003126
1.003255
1.003384
1.003514
1.003645
1.003776
1.003909
1.004041
1.004175
1.004309
1.004444
1.004579
1.004715
1.004852
1.004989
1.005127
1.005266
1.005405
1.005545
1.005686
1.005827
1.005969
1.006111
1.006255
1.006399
1.006543
1.006688
1.006834
1.006981
1.007128
1.007276
1.007424
1.007573
1.007723
1.007874
1.008025
1.008176
0.864039
0.722631
0.675294
0.722027
0.862831
1.004776
1.004478
1.004188
1.003907
1.003634
1.003369
1.003112
1.002864
1.002624
1.002392
1.002168
1.001953
1.001745
1.001547
1.001356
1.001173
1.000999
1.000833
1.000676
1.000527
1.000385
1.000253
1.000128
1.000012
0.999903
0.999804
0.999712
0.999629
0.999554
0.999487
0.999428
0.999378
0.999336
0.999302
0.999277
0.999259
0.999250
0.999249
0.999257
0.999273
0.999297
0.999329
0.999369
0.999418
0.999475
0.999540
0.999614
0.999696
0.999786
0.999884
0.999990
1.000105
1.000228
1.000360
1.000499
1.000647
1.000803
1.000967
0.967516
0.873241
0.816985
0.798747
0.818527
0.876326
0.972143
0.994002
0.994070
0.994138
0.994208
0.994278
0.994348
0.994420
0.994492
0.994564
0.994637
0.994711
0.994786
0.994861
0.994937
0.995014
0.995091
0.995169
0.995247
0.995326
0.995406
0.995486
0.995568
0.995649
0.995732
0.995815
0.995898
0.995983
0.996068
0.996154
0.996240
0.996327
0.996414
0.996503

0.828806
0.129716
0.090570
-0.285990
0.998985
