0.988622
0.988124
1.000001
1.000008
1.000015
1.000022
1.000028
1.000035
1.000041
1.000047
1.000053
1.000058
1.000064
1.000069
1.000074
1.000079
1.000083
1.000087
1.000092
1.000095
1.000099
1.000103
1.000106
1.000109
1.000112
1.000114
1.000117
1.000119
1.000121
1.000123
1.000125
1.000126
1.000127
1.000128
1.000129
1.000129
1.000130
1.000130
1.000130
1.000130
1.000129
1.000128
1.000128
1.000126
1.000125
1.000124
1.000122
1.000120
1.000118
1.000115
1.000113
1.000110
1.000107
1.000104
1.000100
1.000097
1.000093
1.000089
1.000085
1.000080
1.000075
1.000071
1.000065
1.000060
1.000055
1.000049
1.000043
1.000037
1.000030
1.000024
1.000017
1.000010
1.000003
0.999996
0.999988
0.999980
0.999972
0.999964
0.999955
0.999947
0.999938
0.999929
0.999920
0.999910
0.999900
0.999891
0.999880
0.999870
0.999860
0.999849
0.999838
0.999827
0.999815
0.999804
0.999792
0.999780
0.999768
0.999755
0.999743
0.984743
0.965866
0.985123
0.999627
0.999644
0.999660
0.999677
0.999693
0.999708
0.999724
0.999739
0.999754
0.999769
0.999783
0.999797
0.999811
0.999824
0.999838
0.999851
0.999863
0.999876
0.999888
0.999900
0.999911
0.999923
0.999934
0.999945
0.999955
0.999965
0.999975
0.999985
0.999994
1.000003
1.000012
1.000021
1.000029
1.000037
1.000045
1.000052
1.000060
1.000067
1.000073
1.000080
1.000086
1.000092
1.000097
1.000102
1.000107
1.000112
1.000117
1.000121
1.000125
1.000128
1.000132
1.000135
1.000138
1.000140
1.000143
1.000144
1.000146
1.000148
1.000149
1.000150
1.000150
1.000151
1.000151
1.000151
1.000150
1.000149
1.000148
1.000147
1.000145
1.000144
1.000141
1.000139
1.000136
1.000133
1.000130
1.000127
1.000123
1.000119
1.000115
1.000110
1.000105
1.000100
1.000095
1.000089
1.000083
1.000077
1.000070
1.000063
1.000056
1.000049
1.000041
1.000033
1.000025
1.000017
1.000008
0.999999
0.999990
0.999980
0.988622

0.830372
0.099525
0.015128
0.004524
0.996209
