# Issued command:
#   ./ebai -t -i 5000 -s 10 -n 201:20:5 --data-dir ../example --i2h i2h.matrix --h2o h2o.matrix --param-bounds bounds.data 
# building a neural network: 201 input nodes, 20 hidden nodes, 5 output nodes
# learning rate parameter (eta): 0.150000
# starting the program in training mode
# randomizing weights ... done
# reading in 10 exemplars
# renormalizing network parameters
#   writing the parameters to bounds.data
# training the network for 5000 iterations:
# iter		cf
    1	1.154240e+00
    2	8.179760e-01
    3	5.967362e-01
    4	5.690436e-01
    5	5.653925e-01
    6	5.644936e-01
    7	5.641957e-01
    8	5.639988e-01
    9	5.637613e-01
   10	5.634450e-01
   11	5.630417e-01
   12	5.625572e-01
   13	5.620080e-01
   14	5.614179e-01
   15	5.608095e-01
   16	5.601965e-01
   17	5.595804e-01
   18	5.589532e-01
   19	5.583032e-01
   20	5.576173e-01
   21	5.568817e-01
   22	5.560808e-01
   23	5.551938e-01
   24	5.541922e-01
   25	5.530345e-01
   26	5.516590e-01
   27	5.499708e-01
   28	5.478171e-01
   29	5.449365e-01
   30	5.408460e-01
   31	5.345579e-01
   32	5.237895e-01
   33	5.026133e-01
   34	4.586138e-01
   35	4.031805e-01
   36	3.809095e-01
   37	3.760659e-01
   38	3.746627e-01
   39	3.740557e-01
   40	3.736828e-01
   41	3.733949e-01
   42	3.731455e-01
   43	3.729175e-01
   44	3.727027e-01
   45	3.724966e-01
   46	3.722959e-01
   47	3.720981e-01
   48	3.719014e-01
   49	3.717043e-01
   50	3.715053e-01
   51	3.713034e-01
   52	3.710978e-01
   53	3.708877e-01
   54	3.706724e-01
   55	3.704513e-01
   56	3.702239e-01
   57	3.699898e-01
   58	3.697483e-01
   59	3.694992e-01
   60	3.692419e-01
   61	3.689759e-01
   62	3.687007e-01
   63	3.684158e-01
   64	3.681204e-01
   65	3.678137e-01
   66	3.674947e-01
   67	3.671624e-01
   68	3.668151e-01
   69	3.664510e-01
   70	3.660677e-01
   71	3.656622e-01
   72	3.652306e-01
   73	3.647680e-01
   74	3.642683e-01
   75	3.637250e-01
   76	3.631329e-01
   77	3.624938e-01
   78	3.618290e-01
   79	3.611964e-01
   80	3.606878e-01
   81	3.603615e-01
   82	3.601616e-01
   83	3.599704e-01
   84	3.597211e-01
   85	3.594072e-01
   86	3.590415e-01
   87	3.586355e-01
   88	3.581966e-01
   89	3.577288e-01
   90	3.572340e-01
   91	3.567125e-01
   92	3.561628e-01
   93	3.555818e-01
   94	3.549640e-01
   95	3.543009e-01
   96	3.535796e-01
   97	3.527815e-01
   98	3.518812e-01
   99	3.508461e-01
  100	3.496397e-01
  101	3.482296e-01
  102	3.466001e-01
  103	3.447712e-01
  104	3.428123e-01
  105	3.408293e-01
  106	3.389215e-01
  107	3.371521e-01
  108	3.355412e-01
  109	3.340750e-01
  110	3.327252e-01
  111	3.314636e-01
  112	3.302679e-01
  113	3.291217e-01
  114	3.280132e-01
  115	3.269340e-01
  116	3.258776e-01
  117	3.248393e-01
  118	3.238155e-01
  119	3.228033e-01
  120	3.218005e-01
  121	3.208052e-01
  122	3.198159e-01
  123	3.188316e-01
  124	3.178512e-01
  125	3.168741e-01
  126	3.158995e-01
  127	3.149271e-01
  128	3.139564e-01
  129	3.129873e-01
  130	3.120195e-01
  131	3.110529e-01
  132	3.100874e-01
  133	3.091231e-01
  134	3.081600e-01
  135	3.071982e-01
  136	3.062379e-01
  137	3.052791e-01
  138	3.043221e-01
  139	3.033672e-01
  140	3.024144e-01
  141	3.014641e-01
  142	3.005164e-01
  143	2.995718e-01
  144	2.986303e-01
  145	2.976923e-01
  146	2.967581e-01
  147	2.958278e-01
  148	2.949017e-01
  149	2.939802e-01
  150	2.930633e-01
  151	2.921514e-01
  152	2.912445e-01
  153	2.903431e-01
  154	2.894472e-01
  155	2.885570e-01
  156	2.876726e-01
  157	2.867943e-01
  158	2.859222e-01
  159	2.850564e-01
  160	2.841970e-01
  161	2.833442e-01
  162	2.824980e-01
  163	2.816585e-01
  164	2.808258e-01
  165	2.799999e-01
  166	2.791810e-01
  167	2.783690e-01
  168	2.775641e-01
  169	2.767662e-01
  170	2.759753e-01
  171	2.751916e-01
  172	2.744149e-01
  173	2.736454e-01
  174	2.728830e-01
  175	2.721276e-01
  176	2.713794e-01
  177	2.706382e-01
  178	2.699040e-01
  179	2.691769e-01
  180	2.684567e-01
  181	2.677435e-01
  182	2.670371e-01
  183	2.663376e-01
  184	2.656449e-01
  185	2.649588e-01
  186	2.642795e-01
  187	2.636067e-01
  188	2.629404e-01
  189	2.622806e-01
  190	2.616271e-01
  191	2.609798e-01
  192	2.603386e-01
  193	2.597036e-01
  194	2.590744e-01
  195	2.584511e-01
  196	2.578336e-01
  197	2.572216e-01
  198	2.566151e-01
  199	2.560140e-01
  200	2.554180e-01
  201	2.548272e-01
  202	2.542413e-01
  203	2.536602e-01
  204	2.530838e-01
  205	2.525119e-01
  206	2.519444e-01
  207	2.513810e-01
  208	2.508217e-01
  209	2.502663e-01
  210	2.497146e-01
  211	2.491665e-01
  212	2.486218e-01
  213	2.480804e-01
  214	2.475421e-01
  215	2.470067e-01
  216	2.464740e-01
  217	2.459441e-01
  218	2.454167e-01
  219	2.448916e-01
  220	2.443688e-01
  221	2.438483e-01
  222	2.433297e-01
  223	2.428132e-01
  224	2.422987e-01
  225	2.417861e-01
  226	2.412754e-01
  227	2.407666e-01
  228	2.402598e-01
  229	2.397550e-01
  230	2.392524e-01
  231	2.387520e-01
  232	2.382540e-01
  233	2.377587e-01
  234	2.372661e-01
  235	2.367767e-01
  236	2.362906e-01
  237	2.358081e-01
  238	2.353297e-01
  239	2.348555e-01
  240	2.343860e-01
  241	2.339215e-01
  242	2.334623e-01
  243	2.330088e-01
  244	2.325613e-01
  245	2.321199e-01
  246	2.316850e-01
  247	2.312568e-01
  248	2.308353e-01
  249	2.304207e-01
  250	2.300129e-01
  251	2.296120e-01
  252	2.292179e-01
  253	2.288304e-01
  254	2.284494e-01
  255	2.280746e-01
  256	2.277058e-01
  257	2.273428e-01
  258	2.269852e-01
  259	2.266329e-01
  260	2.262856e-01
  261	2.259430e-01
  262	2.256049e-01
  263	2.252713e-01
  264	2.249418e-01
  265	2.246165e-01
  266	2.242953e-01
  267	2.239780e-01
  268	2.236649e-01
  269	2.233558e-01
  270	2.230510e-01
  271	2.227504e-01
  272	2.224543e-01
  273	2.221629e-01
  274	2.218762e-01
  275	2.215946e-01
  276	2.213183e-01
  277	2.210476e-01
  278	2.207827e-01
  279	2.205241e-01
  280	2.202720e-01
  281	2.200270e-01
  282	2.197893e-01
  283	2.195596e-01
  284	2.193383e-01
  285	2.191262e-01
  286	2.189239e-01
  287	2.187322e-01
  288	2.185519e-01
  289	2.183841e-01
  290	2.182294e-01
  291	2.180888e-01
  292	2.179625e-01
  293	2.178503e-01
  294	2.177500e-01
  295	2.176567e-01
  296	2.175606e-01
  297	2.174443e-01
  298	2.172806e-01
  299	2.170330e-01
  300	2.166624e-01
  301	2.161404e-01
  302	2.154634e-01
  303	2.146550e-01
  304	2.137576e-01
  305	2.128184e-01
  306	2.118797e-01
  307	2.109738e-01
  308	2.101218e-01
  309	2.093352e-01
  310	2.086180e-01
  311	2.079691e-01
  312	2.073846e-01
  313	2.068589e-01
  314	2.063860e-01
  315	2.059597e-01
  316	2.055743e-01
  317	2.052244e-01
  318	2.049055e-01
  319	2.046132e-01
  320	2.043441e-01
  321	2.040950e-01
  322	2.038634e-01
  323	2.036468e-01
  324	2.034434e-01
  325	2.032515e-01
  326	2.030696e-01
  327	2.028966e-01
  328	2.027313e-01
  329	2.025729e-01
  330	2.024206e-01
  331	2.022737e-01
  332	2.021317e-01
  333	2.019939e-01
  334	2.018600e-01
  335	2.017296e-01
  336	2.016024e-01
  337	2.014779e-01
  338	2.013561e-01
  339	2.012365e-01
  340	2.011192e-01
  341	2.010037e-01
  342	2.008901e-01
  343	2.007781e-01
  344	2.006676e-01
  345	2.005585e-01
  346	2.004507e-01
  347	2.003442e-01
  348	2.002387e-01
  349	2.001342e-01
  350	2.000307e-01
  351	1.999282e-01
  352	1.998264e-01
  353	1.997255e-01
  354	1.996253e-01
  355	1.995257e-01
  356	1.994269e-01
  357	1.993286e-01
  358	1.992310e-01
  359	1.991338e-01
  360	1.990372e-01
  361	1.989411e-01
  362	1.988454e-01
  363	1.987502e-01
  364	1.986554e-01
  365	1.985609e-01
  366	1.984669e-01
  367	1.983731e-01
  368	1.982797e-01
  369	1.981866e-01
  370	1.980938e-01
  371	1.980013e-01
  372	1.979091e-01
  373	1.978171e-01
  374	1.977253e-01
  375	1.976338e-01
  376	1.975424e-01
  377	1.974513e-01
  378	1.973604e-01
  379	1.972696e-01
  380	1.971791e-01
  381	1.970886e-01
  382	1.969984e-01
  383	1.969083e-01
  384	1.968183e-01
  385	1.967285e-01
  386	1.966388e-01
  387	1.965493e-01
  388	1.964598e-01
  389	1.963705e-01
  390	1.962813e-01
  391	1.961922e-01
  392	1.961032e-01
  393	1.960143e-01
  394	1.959255e-01
  395	1.958368e-01
  396	1.957481e-01
  397	1.956596e-01
  398	1.955712e-01
  399	1.954829e-01
  400	1.953946e-01
  401	1.953065e-01
  402	1.952185e-01
  403	1.951305e-01
  404	1.950426e-01
  405	1.949549e-01
  406	1.948672e-01
  407	1.947796e-01
  408	1.946921e-01
  409	1.946048e-01
  410	1.945175e-01
  411	1.944303e-01
  412	1.943433e-01
  413	1.942563e-01
  414	1.941695e-01
  415	1.940828e-01
  416	1.939962e-01
  417	1.939098e-01
  418	1.938235e-01
  419	1.937373e-01
  420	1.936513e-01
  421	1.935654e-01
  422	1.934796e-01
  423	1.933941e-01
  424	1.933086e-01
  425	1.932234e-01
  426	1.931383e-01
  427	1.930534e-01
  428	1.929687e-01
  429	1.928842e-01
  430	1.927999e-01
  431	1.927157e-01
  432	1.926318e-01
  433	1.925481e-01
  434	1.924646e-01
  435	1.923814e-01
  436	1.922984e-01
  437	1.922156e-01
  438	1.921330e-01
  439	1.920508e-01
  440	1.919687e-01
  441	1.918870e-01
  442	1.918055e-01
  443	1.917243e-01
  444	1.916433e-01
  445	1.915627e-01
  446	1.914823e-01
  447	1.914023e-01
  448	1.913225e-01
  449	1.912431e-01
  450	1.911640e-01
  451	1.910852e-01
  452	1.910067e-01
  453	1.909286e-01
  454	1.908508e-01
  455	1.907734e-01
  456	1.906963e-01
  457	1.906195e-01
  458	1.905431e-01
  459	1.904671e-01
  460	1.903914e-01
  461	1.903162e-01
  462	1.902412e-01
  463	1.901667e-01
  464	1.900926e-01
  465	1.900188e-01
  466	1.899454e-01
  467	1.898724e-01
  468	1.897998e-01
  469	1.897276e-01
  470	1.896558e-01
  471	1.895844e-01
  472	1.895134e-01
  473	1.894428e-01
  474	1.893727e-01
  475	1.893029e-01
  476	1.892335e-01
  477	1.891645e-01
  478	1.890960e-01
  479	1.890278e-01
  480	1.889601e-01
  481	1.888928e-01
  482	1.888259e-01
  483	1.887594e-01
  484	1.886933e-01
  485	1.886276e-01
  486	1.885623e-01
  487	1.884974e-01
  488	1.884329e-01
  489	1.883689e-01
  490	1.883052e-01
  491	1.882419e-01
  492	1.881791e-01
  493	1.881166e-01
  494	1.880545e-01
  495	1.879928e-01
  496	1.879315e-01
  497	1.878706e-01
  498	1.878101e-01
  499	1.877499e-01
  500	1.876901e-01
  501	1.876307e-01
  502	1.875717e-01
  503	1.875130e-01
  504	1.874547e-01
  505	1.873968e-01
  506	1.873392e-01
  507	1.872820e-01
  508	1.872251e-01
  509	1.871686e-01
  510	1.871124e-01
  511	1.870565e-01
  512	1.870010e-01
  513	1.869458e-01
  514	1.868909e-01
  515	1.868364e-01
  516	1.867821e-01
  517	1.867282e-01
  518	1.866746e-01
  519	1.866213e-01
  520	1.865683e-01
  521	1.865156e-01
  522	1.864632e-01
  523	1.864111e-01
  524	1.863593e-01
  525	1.863077e-01
  526	1.862564e-01
  527	1.862055e-01
  528	1.861547e-01
  529	1.861043e-01
  530	1.860541e-01
  531	1.860042e-01
  532	1.859545e-01
  533	1.859051e-01
  534	1.858560e-01
  535	1.858071e-01
  536	1.857584e-01
  537	1.857100e-01
  538	1.856618e-01
  539	1.856138e-01
  540	1.855661e-01
  541	1.855187e-01
  542	1.854714e-01
  543	1.854244e-01
  544	1.853776e-01
  545	1.853310e-01
  546	1.852846e-01
  547	1.852385e-01
  548	1.851926e-01
  549	1.851469e-01
  550	1.851014e-01
  551	1.850561e-01
  552	1.850110e-01
  553	1.849661e-01
  554	1.849215e-01
  555	1.848770e-01
  556	1.848327e-01
  557	1.847887e-01
  558	1.847448e-01
  559	1.847012e-01
  560	1.846577e-01
  561	1.846145e-01
  562	1.845714e-01
  563	1.845285e-01
  564	1.844859e-01
  565	1.844434e-01
  566	1.844012e-01
  567	1.843591e-01
  568	1.843172e-01
  569	1.842756e-01
  570	1.842341e-01
  571	1.841928e-01
  572	1.841518e-01
  573	1.841109e-01
  574	1.840702e-01
  575	1.840298e-01
  576	1.839895e-01
  577	1.839494e-01
  578	1.839096e-01
  579	1.838699e-01
  580	1.838305e-01
  581	1.837912e-01
  582	1.837522e-01
  583	1.837134e-01
  584	1.836748e-01
  585	1.836364e-01
  586	1.835982e-01
  587	1.835603e-01
  588	1.835225e-01
  589	1.834850e-01
  590	1.834477e-01
  591	1.834107e-01
  592	1.833738e-01
  593	1.833372e-01
  594	1.833009e-01
  595	1.832647e-01
  596	1.832288e-01
  597	1.831931e-01
  598	1.831577e-01
  599	1.831225e-01
  600	1.830876e-01
  601	1.830529e-01
  602	1.830185e-01
  603	1.829843e-01
  604	1.829504e-01
  605	1.829167e-01
  606	1.828833e-01
  607	1.828502e-01
  608	1.828174e-01
  609	1.827848e-01
  610	1.827525e-01
  611	1.827204e-01
  612	1.826887e-01
  613	1.826572e-01
  614	1.826261e-01
  615	1.825952e-01
  616	1.825646e-01
  617	1.825343e-01
  618	1.825043e-01
  619	1.824747e-01
  620	1.824453e-01
  621	1.824162e-01
  622	1.823875e-01
  623	1.823591e-01
  624	1.823310e-01
  625	1.823032e-01
  626	1.822758e-01
  627	1.822487e-01
  628	1.822219e-01
  629	1.821955e-01
  630	1.821694e-01
  631	1.821437e-01
  632	1.821183e-01
  633	1.820933e-01
  634	1.820687e-01
  635	1.820444e-01
  636	1.820205e-01
  637	1.819969e-01
  638	1.819738e-01
  639	1.819510e-01
  640	1.819286e-01
  641	1.819065e-01
  642	1.818849e-01
  643	1.818637e-01
  644	1.818428e-01
  645	1.818224e-01
  646	1.818024e-01
  647	1.817827e-01
  648	1.817635e-01
  649	1.817447e-01
  650	1.817264e-01
  651	1.817084e-01
  652	1.816909e-01
  653	1.816738e-01
  654	1.816572e-01
  655	1.816409e-01
  656	1.816252e-01
  657	1.816098e-01
  658	1.815949e-01
  659	1.815805e-01
  660	1.815665e-01
  661	1.815530e-01
  662	1.815399e-01
  663	1.815273e-01
  664	1.815152e-01
  665	1.815035e-01
  666	1.814923e-01
  667	1.814815e-01
  668	1.814713e-01
  669	1.814615e-01
  670	1.814522e-01
  671	1.814434e-01
  672	1.814350e-01
  673	1.814272e-01
  674	1.814198e-01
  675	1.814130e-01
  676	1.814066e-01
  677	1.814007e-01
  678	1.813953e-01
  679	1.813904e-01
  680	1.813860e-01
  681	1.813821e-01
  682	1.813787e-01
  683	1.813758e-01
  684	1.813735e-01
  685	1.813716e-01
  686	1.813702e-01
  687	1.813693e-01
  688	1.813689e-01
  689	1.813690e-01
  690	1.813696e-01
  691	1.813708e-01
  692	1.813724e-01
  693	1.813745e-01
  694	1.813771e-01
  695	1.813803e-01
  696	1.813839e-01
  697	1.813880e-01
  698	1.813926e-01
  699	1.813978e-01
  700	1.814034e-01
  701	1.814095e-01
  702	1.814161e-01
  703	1.814231e-01
  704	1.814307e-01
  705	1.814387e-01
  706	1.814473e-01
  707	1.814563e-01
  708	1.814657e-01
  709	1.814757e-01
  710	1.814861e-01
  711	1.814970e-01
  712	1.815083e-01
  713	1.815201e-01
  714	1.815323e-01
  715	1.815450e-01
  716	1.815582e-01
  717	1.815717e-01
  718	1.815858e-01
  719	1.816002e-01
  720	1.816151e-01
  721	1.816304e-01
  722	1.816461e-01
  723	1.816622e-01
  724	1.816787e-01
  725	1.816956e-01
  726	1.817130e-01
  727	1.817307e-01
  728	1.817488e-01
  729	1.817672e-01
  730	1.817861e-01
  731	1.818053e-01
  732	1.818248e-01
  733	1.818448e-01
  734	1.818650e-01
  735	1.818856e-01
  736	1.819066e-01
  737	1.819278e-01
  738	1.819494e-01
  739	1.819713e-01
  740	1.819935e-01
  741	1.820160e-01
  742	1.820389e-01
  743	1.820619e-01
  744	1.820853e-01
  745	1.821090e-01
  746	1.821329e-01
  747	1.821571e-01
  748	1.821815e-01
  749	1.822062e-01
  750	1.822311e-01
  751	1.822562e-01
  752	1.822816e-01
  753	1.823071e-01
  754	1.823329e-01
  755	1.823589e-01
  756	1.823851e-01
  757	1.824115e-01
  758	1.824381e-01
  759	1.824648e-01
  760	1.824917e-01
  761	1.825188e-01
  762	1.825460e-01
  763	1.825733e-01
  764	1.826008e-01
  765	1.826285e-01
  766	1.826562e-01
  767	1.826841e-01
  768	1.827121e-01
  769	1.827401e-01
  770	1.827683e-01
  771	1.827966e-01
  772	1.828249e-01
  773	1.828533e-01
  774	1.828818e-01
  775	1.829104e-01
  776	1.829390e-01
  777	1.829676e-01
  778	1.829963e-01
  779	1.830250e-01
  780	1.830537e-01
  781	1.830824e-01
  782	1.831112e-01
  783	1.831399e-01
  784	1.831686e-01
  785	1.831973e-01
  786	1.832260e-01
  787	1.832547e-01
  788	1.832833e-01
  789	1.833118e-01
  790	1.833403e-01
  791	1.833688e-01
  792	1.833971e-01
  793	1.834254e-01
  794	1.834536e-01
  795	1.834817e-01
  796	1.835097e-01
  797	1.835375e-01
  798	1.835652e-01
  799	1.835928e-01
  800	1.836202e-01
  801	1.836475e-01
  802	1.836746e-01
  803	1.837015e-01
  804	1.837283e-01
  805	1.837548e-01
  806	1.837811e-01
  807	1.838072e-01
  808	1.838330e-01
  809	1.838586e-01
  810	1.838840e-01
  811	1.839091e-01
  812	1.839338e-01
  813	1.839583e-01
  814	1.839825e-01
  815	1.840063e-01
  816	1.840298e-01
  817	1.840529e-01
  818	1.840756e-01
  819	1.840980e-01
  820	1.841199e-01
  821	1.841414e-01
  822	1.841624e-01
  823	1.841830e-01
  824	1.842031e-01
  825	1.842227e-01
  826	1.842417e-01
  827	1.842602e-01
  828	1.842781e-01
  829	1.842954e-01
  830	1.843121e-01
  831	1.843281e-01
  832	1.843435e-01
  833	1.843581e-01
  834	1.843720e-01
  835	1.843852e-01
  836	1.843976e-01
  837	1.844092e-01
  838	1.844201e-01
  839	1.844301e-01
  840	1.844394e-01
  841	1.844479e-01
  842	1.844557e-01
  843	1.844629e-01
  844	1.844696e-01
  845	1.844760e-01
  846	1.844823e-01
  847	1.844889e-01
  848	1.844962e-01
  849	1.845049e-01
  850	1.845157e-01
  851	1.845296e-01
  852	1.845477e-01
  853	1.845712e-01
  854	1.846015e-01
  855	1.846397e-01
  856	1.846866e-01
  857	1.847425e-01
  858	1.848067e-01
  859	1.848778e-01
  860	1.849535e-01
  861	1.850314e-01
  862	1.851087e-01
  863	1.851834e-01
  864	1.852540e-01
  865	1.853197e-01
  866	1.853801e-01
  867	1.854354e-01
  868	1.854859e-01
  869	1.855322e-01
  870	1.855746e-01
  871	1.856136e-01
  872	1.856495e-01
  873	1.856828e-01
  874	1.857135e-01
  875	1.857420e-01
  876	1.857683e-01
  877	1.857926e-01
  878	1.858149e-01
  879	1.858354e-01
  880	1.858540e-01
  881	1.858708e-01
  882	1.858858e-01
  883	1.858989e-01
  884	1.859103e-01
  885	1.859199e-01
  886	1.859276e-01
  887	1.859335e-01
  888	1.859375e-01
  889	1.859396e-01
  890	1.859399e-01
  891	1.859381e-01
  892	1.859344e-01
  893	1.859286e-01
  894	1.859208e-01
  895	1.859109e-01
  896	1.858988e-01
  897	1.858846e-01
  898	1.858681e-01
  899	1.858493e-01
  900	1.858282e-01
  901	1.858047e-01
  902	1.857788e-01
  903	1.857503e-01
  904	1.857192e-01
  905	1.856855e-01
  906	1.856491e-01
  907	1.856099e-01
  908	1.855677e-01
  909	1.855226e-01
  910	1.854745e-01
  911	1.854231e-01
  912	1.853685e-01
  913	1.853105e-01
  914	1.852489e-01
  915	1.851837e-01
  916	1.851147e-01
  917	1.850417e-01
  918	1.849645e-01
  919	1.848830e-01
  920	1.847970e-01
  921	1.847062e-01
  922	1.846103e-01
  923	1.845091e-01
  924	1.844022e-01
  925	1.842892e-01
  926	1.841699e-01
  927	1.840435e-01
  928	1.839097e-01
  929	1.837677e-01
  930	1.836169e-01
  931	1.834563e-01
  932	1.832847e-01
  933	1.831011e-01
  934	1.829036e-01
  935	1.826904e-01
  936	1.824588e-01
  937	1.822055e-01
  938	1.819259e-01
  939	1.816141e-01
  940	1.812611e-01
  941	1.808541e-01
  942	1.803731e-01
  943	1.797856e-01
  944	1.790356e-01
  945	1.780196e-01
  946	1.765356e-01
  947	1.741867e-01
  948	1.703639e-01
  949	1.652297e-01
  950	1.615555e-01
  951	1.605164e-01
  952	1.602287e-01
  953	1.600196e-01
  954	1.598247e-01
  955	1.596409e-01
  956	1.594670e-01
  957	1.593023e-01
  958	1.591459e-01
  959	1.589973e-01
  960	1.588557e-01
  961	1.587208e-01
  962	1.585921e-01
  963	1.584691e-01
  964	1.583516e-01
  965	1.582391e-01
  966	1.581313e-01
  967	1.580280e-01
  968	1.579289e-01
  969	1.578337e-01
  970	1.577421e-01
  971	1.576541e-01
  972	1.575693e-01
  973	1.574875e-01
  974	1.574086e-01
  975	1.573324e-01
  976	1.572587e-01
  977	1.571874e-01
  978	1.571184e-01
  979	1.570514e-01
  980	1.569864e-01
  981	1.569232e-01
  982	1.568617e-01
  983	1.568018e-01
  984	1.567434e-01
  985	1.566864e-01
  986	1.566307e-01
  987	1.565762e-01
  988	1.565229e-01
  989	1.564705e-01
  990	1.564192e-01
  991	1.563687e-01
  992	1.563190e-01
  993	1.562701e-01
  994	1.562218e-01
  995	1.561742e-01
  996	1.561272e-01
  997	1.560806e-01
  998	1.560346e-01
  999	1.559889e-01
 1000	1.559436e-01
 1001	1.558986e-01
 1002	1.558539e-01
 1003	1.558094e-01
 1004	1.557651e-01
 1005	1.557209e-01
 1006	1.556769e-01
 1007	1.556330e-01
 1008	1.555891e-01
 1009	1.555453e-01
 1010	1.555015e-01
 1011	1.554576e-01
 1012	1.554137e-01
 1013	1.553698e-01
 1014	1.553257e-01
 1015	1.552815e-01
 1016	1.552372e-01
 1017	1.551927e-01
 1018	1.551481e-01
 1019	1.551033e-01
 1020	1.550582e-01
 1021	1.550130e-01
 1022	1.549675e-01
 1023	1.549218e-01
 1024	1.548758e-01
 1025	1.548295e-01
 1026	1.547830e-01
 1027	1.547361e-01
 1028	1.546890e-01
 1029	1.546416e-01
 1030	1.545938e-01
 1031	1.545457e-01
 1032	1.544973e-01
 1033	1.544485e-01
 1034	1.543994e-01
 1035	1.543500e-01
 1036	1.543002e-01
 1037	1.542500e-01
 1038	1.541995e-01
 1039	1.541486e-01
 1040	1.540973e-01
 1041	1.540457e-01
 1042	1.539937e-01
 1043	1.539413e-01
 1044	1.538885e-01
 1045	1.538353e-01
 1046	1.537817e-01
 1047	1.537278e-01
 1048	1.536734e-01
 1049	1.536186e-01
 1050	1.535635e-01
 1051	1.535079e-01
 1052	1.534520e-01
 1053	1.533956e-01
 1054	1.533389e-01
 1055	1.532817e-01
 1056	1.532241e-01
 1057	1.531662e-01
 1058	1.531078e-01
 1059	1.530490e-01
 1060	1.529898e-01
 1061	1.529302e-01
 1062	1.528702e-01
 1063	1.528097e-01
 1064	1.527489e-01
 1065	1.526877e-01
 1066	1.526260e-01
 1067	1.525639e-01
 1068	1.525014e-01
 1069	1.524385e-01
 1070	1.523752e-01
 1071	1.523115e-01
 1072	1.522474e-01
 1073	1.521828e-01
 1074	1.521179e-01
 1075	1.520525e-01
 1076	1.519867e-01
 1077	1.519205e-01
 1078	1.518538e-01
 1079	1.517868e-01
 1080	1.517193e-01
 1081	1.516515e-01
 1082	1.515832e-01
 1083	1.515145e-01
 1084	1.514453e-01
 1085	1.513758e-01
 1086	1.513058e-01
 1087	1.512354e-01
 1088	1.511646e-01
 1089	1.510934e-01
 1090	1.510217e-01
 1091	1.509497e-01
 1092	1.508772e-01
 1093	1.508043e-01
 1094	1.507309e-01
 1095	1.506572e-01
 1096	1.505830e-01
 1097	1.505084e-01
 1098	1.504333e-01
 1099	1.503579e-01
 1100	1.502820e-01
 1101	1.502057e-01
 1102	1.501289e-01
 1103	1.500517e-01
 1104	1.499741e-01
 1105	1.498961e-01
 1106	1.498177e-01
 1107	1.497388e-01
 1108	1.496595e-01
 1109	1.495797e-01
 1110	1.494995e-01
 1111	1.494189e-01
 1112	1.493379e-01
 1113	1.492564e-01
 1114	1.491745e-01
 1115	1.490921e-01
 1116	1.490094e-01
 1117	1.489262e-01
 1118	1.488425e-01
 1119	1.487584e-01
 1120	1.486739e-01
 1121	1.485890e-01
 1122	1.485036e-01
 1123	1.484178e-01
 1124	1.483316e-01
 1125	1.482449e-01
 1126	1.481578e-01
 1127	1.480703e-01
 1128	1.479823e-01
 1129	1.478939e-01
 1130	1.478050e-01
 1131	1.477158e-01
 1132	1.476261e-01
 1133	1.475360e-01
 1134	1.474454e-01
 1135	1.473545e-01
 1136	1.472631e-01
 1137	1.471712e-01
 1138	1.470790e-01
 1139	1.469863e-01
 1140	1.468933e-01
 1141	1.467998e-01
 1142	1.467058e-01
 1143	1.466115e-01
 1144	1.465168e-01
 1145	1.464216e-01
 1146	1.463261e-01
 1147	1.462302e-01
 1148	1.461338e-01
 1149	1.460371e-01
 1150	1.459399e-01
 1151	1.458424e-01
 1152	1.457445e-01
 1153	1.456462e-01
 1154	1.455475e-01
 1155	1.454485e-01
 1156	1.453490e-01
 1157	1.452493e-01
 1158	1.451491e-01
 1159	1.450486e-01
 1160	1.449478e-01
 1161	1.448466e-01
 1162	1.447450e-01
 1163	1.446431e-01
 1164	1.445409e-01
 1165	1.444384e-01
 1166	1.443356e-01
 1167	1.442324e-01
 1168	1.441289e-01
 1169	1.440252e-01
 1170	1.439211e-01
 1171	1.438168e-01
 1172	1.437122e-01
 1173	1.436073e-01
 1174	1.435022e-01
 1175	1.433968e-01
 1176	1.432911e-01
 1177	1.431853e-01
 1178	1.430791e-01
 1179	1.429728e-01
 1180	1.428663e-01
 1181	1.427595e-01
 1182	1.426526e-01
 1183	1.425455e-01
 1184	1.424382e-01
 1185	1.423307e-01
 1186	1.422231e-01
 1187	1.421153e-01
 1188	1.420074e-01
 1189	1.418994e-01
 1190	1.417912e-01
 1191	1.416829e-01
 1192	1.415746e-01
 1193	1.414661e-01
 1194	1.413576e-01
 1195	1.412490e-01
 1196	1.411403e-01
 1197	1.410316e-01
 1198	1.409228e-01
 1199	1.408140e-01
 1200	1.407052e-01
 1201	1.405964e-01
 1202	1.404876e-01
 1203	1.403788e-01
 1204	1.402700e-01
 1205	1.401612e-01
 1206	1.400525e-01
 1207	1.399438e-01
 1208	1.398352e-01
 1209	1.397266e-01
 1210	1.396181e-01
 1211	1.395097e-01
 1212	1.394014e-01
 1213	1.392932e-01
 1214	1.391851e-01
 1215	1.390772e-01
 1216	1.389693e-01
 1217	1.388616e-01
 1218	1.387541e-01
 1219	1.386467e-01
 1220	1.385394e-01
 1221	1.384324e-01
 1222	1.383255e-01
 1223	1.382188e-01
 1224	1.381122e-01
 1225	1.380059e-01
 1226	1.378998e-01
 1227	1.377939e-01
 1228	1.376882e-01
 1229	1.375828e-01
 1230	1.374775e-01
 1231	1.373726e-01
 1232	1.372678e-01
 1233	1.371633e-01
 1234	1.370591e-01
 1235	1.369551e-01
 1236	1.368514e-01
 1237	1.367479e-01
 1238	1.366448e-01
 1239	1.365419e-01
 1240	1.364393e-01
 1241	1.363370e-01
 1242	1.362350e-01
 1243	1.361333e-01
 1244	1.360318e-01
 1245	1.359307e-01
 1246	1.358299e-01
 1247	1.357294e-01
 1248	1.356293e-01
 1249	1.355294e-01
 1250	1.354299e-01
 1251	1.353307e-01
 1252	1.352318e-01
 1253	1.351333e-01
 1254	1.350350e-01
 1255	1.349372e-01
 1256	1.348396e-01
 1257	1.347424e-01
 1258	1.346456e-01
 1259	1.345491e-01
 1260	1.344529e-01
 1261	1.343571e-01
 1262	1.342616e-01
 1263	1.341665e-01
 1264	1.340717e-01
 1265	1.339773e-01
 1266	1.338832e-01
 1267	1.337895e-01
 1268	1.336961e-01
 1269	1.336031e-01
 1270	1.335105e-01
 1271	1.334182e-01
 1272	1.333263e-01
 1273	1.332347e-01
 1274	1.331435e-01
 1275	1.330527e-01
 1276	1.329622e-01
 1277	1.328721e-01
 1278	1.327823e-01
 1279	1.326929e-01
 1280	1.326039e-01
 1281	1.325152e-01
 1282	1.324269e-01
 1283	1.323390e-01
 1284	1.322514e-01
 1285	1.321642e-01
 1286	1.320773e-01
 1287	1.319908e-01
 1288	1.319047e-01
 1289	1.318189e-01
 1290	1.317335e-01
 1291	1.316485e-01
 1292	1.315638e-01
 1293	1.314795e-01
 1294	1.313955e-01
 1295	1.313119e-01
 1296	1.312287e-01
 1297	1.311458e-01
 1298	1.310633e-01
 1299	1.309812e-01
 1300	1.308994e-01
 1301	1.308180e-01
 1302	1.307369e-01
 1303	1.306562e-01
 1304	1.305758e-01
 1305	1.304958e-01
 1306	1.304161e-01
 1307	1.303368e-01
 1308	1.302579e-01
 1309	1.301793e-01
 1310	1.301011e-01
 1311	1.300232e-01
 1312	1.299456e-01
 1313	1.298684e-01
 1314	1.297916e-01
 1315	1.297151e-01
 1316	1.296389e-01
 1317	1.295631e-01
 1318	1.294876e-01
 1319	1.294125e-01
 1320	1.293377e-01
 1321	1.292632e-01
 1322	1.291891e-01
 1323	1.291153e-01
 1324	1.290419e-01
 1325	1.289687e-01
 1326	1.288959e-01
 1327	1.288234e-01
 1328	1.287513e-01
 1329	1.286794e-01
 1330	1.286079e-01
 1331	1.285367e-01
 1332	1.284658e-01
 1333	1.283952e-01
 1334	1.283249e-01
 1335	1.282549e-01
 1336	1.281852e-01
 1337	1.281158e-01
 1338	1.280468e-01
 1339	1.279780e-01
 1340	1.279094e-01
 1341	1.278412e-01
 1342	1.277733e-01
 1343	1.277056e-01
 1344	1.276382e-01
 1345	1.275711e-01
 1346	1.275042e-01
 1347	1.274376e-01
 1348	1.273712e-01
 1349	1.273051e-01
 1350	1.272393e-01
 1351	1.271736e-01
 1352	1.271082e-01
 1353	1.270431e-01
 1354	1.269781e-01
 1355	1.269134e-01
 1356	1.268489e-01
 1357	1.267846e-01
 1358	1.267205e-01
 1359	1.266566e-01
 1360	1.265929e-01
 1361	1.265294e-01
 1362	1.264660e-01
 1363	1.264028e-01
 1364	1.263398e-01
 1365	1.262769e-01
 1366	1.262142e-01
 1367	1.261516e-01
 1368	1.260892e-01
 1369	1.260270e-01
 1370	1.259648e-01
 1371	1.259028e-01
 1372	1.258410e-01
 1373	1.257793e-01
 1374	1.257177e-01
 1375	1.256563e-01
 1376	1.255950e-01
 1377	1.255339e-01
 1378	1.254730e-01
 1379	1.254123e-01
 1380	1.253518e-01
 1381	1.252915e-01
 1382	1.252316e-01
 1383	1.251719e-01
 1384	1.251127e-01
 1385	1.250538e-01
 1386	1.249955e-01
 1387	1.249376e-01
 1388	1.248804e-01
 1389	1.248239e-01
 1390	1.247681e-01
 1391	1.247131e-01
 1392	1.246590e-01
 1393	1.246059e-01
 1394	1.245538e-01
 1395	1.245028e-01
 1396	1.244529e-01
 1397	1.244041e-01
 1398	1.243564e-01
 1399	1.243099e-01
 1400	1.242644e-01
 1401	1.242199e-01
 1402	1.241764e-01
 1403	1.241337e-01
 1404	1.240917e-01
 1405	1.240503e-01
 1406	1.240095e-01
 1407	1.239690e-01
 1408	1.239288e-01
 1409	1.238888e-01
 1410	1.238490e-01
 1411	1.238091e-01
 1412	1.237692e-01
 1413	1.237291e-01
 1414	1.236890e-01
 1415	1.236486e-01
 1416	1.236081e-01
 1417	1.235674e-01
 1418	1.235265e-01
 1419	1.234854e-01
 1420	1.234441e-01
 1421	1.234026e-01
 1422	1.233610e-01
 1423	1.233193e-01
 1424	1.232774e-01
 1425	1.232354e-01
 1426	1.231934e-01
 1427	1.231513e-01
 1428	1.231092e-01
 1429	1.230671e-01
 1430	1.230250e-01
 1431	1.229829e-01
 1432	1.229409e-01
 1433	1.228989e-01
 1434	1.228570e-01
 1435	1.228152e-01
 1436	1.227735e-01
 1437	1.227319e-01
 1438	1.226904e-01
 1439	1.226490e-01
 1440	1.226078e-01
 1441	1.225668e-01
 1442	1.225258e-01
 1443	1.224851e-01
 1444	1.224445e-01
 1445	1.224041e-01
 1446	1.223639e-01
 1447	1.223238e-01
 1448	1.222839e-01
 1449	1.222443e-01
 1450	1.222048e-01
 1451	1.221655e-01
 1452	1.221263e-01
 1453	1.220874e-01
 1454	1.220487e-01
 1455	1.220102e-01
 1456	1.219719e-01
 1457	1.219338e-01
 1458	1.218958e-01
 1459	1.218581e-01
 1460	1.218206e-01
 1461	1.217833e-01
 1462	1.217462e-01
 1463	1.217092e-01
 1464	1.216725e-01
 1465	1.216360e-01
 1466	1.215997e-01
 1467	1.215635e-01
 1468	1.215276e-01
 1469	1.214918e-01
 1470	1.214563e-01
 1471	1.214209e-01
 1472	1.213858e-01
 1473	1.213508e-01
 1474	1.213160e-01
 1475	1.212814e-01
 1476	1.212470e-01
 1477	1.212127e-01
 1478	1.211787e-01
 1479	1.211448e-01
 1480	1.211111e-01
 1481	1.210776e-01
 1482	1.210443e-01
 1483	1.210111e-01
 1484	1.209781e-01
 1485	1.209453e-01
 1486	1.209127e-01
 1487	1.208802e-01
 1488	1.208479e-01
 1489	1.208158e-01
 1490	1.207838e-01
 1491	1.207520e-01
 1492	1.207203e-01
 1493	1.206888e-01
 1494	1.206575e-01
 1495	1.206263e-01
 1496	1.205953e-01
 1497	1.205644e-01
 1498	1.205337e-01
 1499	1.205032e-01
 1500	1.204727e-01
 1501	1.204425e-01
 1502	1.204124e-01
 1503	1.203824e-01
 1504	1.203526e-01
 1505	1.203229e-01
 1506	1.202933e-01
 1507	1.202639e-01
 1508	1.202346e-01
 1509	1.202055e-01
 1510	1.201765e-01
 1511	1.201477e-01
 1512	1.201189e-01
 1513	1.200903e-01
 1514	1.200619e-01
 1515	1.200335e-01
 1516	1.200053e-01
 1517	1.199772e-01
 1518	1.199493e-01
 1519	1.199214e-01
 1520	1.198937e-01
 1521	1.198661e-01
 1522	1.198386e-01
 1523	1.198113e-01
 1524	1.197840e-01
 1525	1.197569e-01
 1526	1.197299e-01
 1527	1.197030e-01
 1528	1.196763e-01
 1529	1.196496e-01
 1530	1.196230e-01
 1531	1.195966e-01
 1532	1.195703e-01
 1533	1.195441e-01
 1534	1.195179e-01
 1535	1.194919e-01
 1536	1.194660e-01
 1537	1.194402e-01
 1538	1.194145e-01
 1539	1.193890e-01
 1540	1.193635e-01
 1541	1.193381e-01
 1542	1.193128e-01
 1543	1.192876e-01
 1544	1.192625e-01
 1545	1.192375e-01
 1546	1.192126e-01
 1547	1.191878e-01
 1548	1.191631e-01
 1549	1.191385e-01
 1550	1.191140e-01
 1551	1.190896e-01
 1552	1.190653e-01
 1553	1.190410e-01
 1554	1.190169e-01
 1555	1.189928e-01
 1556	1.189689e-01
 1557	1.189450e-01
 1558	1.189212e-01
 1559	1.188975e-01
 1560	1.188739e-01
 1561	1.188504e-01
 1562	1.188270e-01
 1563	1.188036e-01
 1564	1.187804e-01
 1565	1.187572e-01
 1566	1.187341e-01
 1567	1.187111e-01
 1568	1.186881e-01
 1569	1.186653e-01
 1570	1.186425e-01
 1571	1.186199e-01
 1572	1.185973e-01
 1573	1.185748e-01
 1574	1.185523e-01
 1575	1.185300e-01
 1576	1.185077e-01
 1577	1.184855e-01
 1578	1.184634e-01
 1579	1.184414e-01
 1580	1.184194e-01
 1581	1.183975e-01
 1582	1.183757e-01
 1583	1.183540e-01
 1584	1.183324e-01
 1585	1.183108e-01
 1586	1.182893e-01
 1587	1.182679e-01
 1588	1.182466e-01
 1589	1.182253e-01
 1590	1.182042e-01
 1591	1.181831e-01
 1592	1.181620e-01
 1593	1.181411e-01
 1594	1.181202e-01
 1595	1.180994e-01
 1596	1.180787e-01
 1597	1.180580e-01
 1598	1.180375e-01
 1599	1.180170e-01
 1600	1.179966e-01
 1601	1.179762e-01
 1602	1.179560e-01
 1603	1.179358e-01
 1604	1.179156e-01
 1605	1.178956e-01
 1606	1.178756e-01
 1607	1.178558e-01
 1608	1.178360e-01
 1609	1.178162e-01
 1610	1.177966e-01
 1611	1.177770e-01
 1612	1.177575e-01
 1613	1.177380e-01
 1614	1.177187e-01
 1615	1.176994e-01
 1616	1.176802e-01
 1617	1.176611e-01
 1618	1.176421e-01
 1619	1.176231e-01
 1620	1.176042e-01
 1621	1.175854e-01
 1622	1.175667e-01
 1623	1.175481e-01
 1624	1.175295e-01
 1625	1.175110e-01
 1626	1.174926e-01
 1627	1.174743e-01
 1628	1.174561e-01
 1629	1.174379e-01
 1630	1.174198e-01
 1631	1.174019e-01
 1632	1.173839e-01
 1633	1.173661e-01
 1634	1.173484e-01
 1635	1.173308e-01
 1636	1.173132e-01
 1637	1.172957e-01
 1638	1.172783e-01
 1639	1.172610e-01
 1640	1.172438e-01
 1641	1.172267e-01
 1642	1.172097e-01
 1643	1.171928e-01
 1644	1.171759e-01
 1645	1.171592e-01
 1646	1.171426e-01
 1647	1.171260e-01
 1648	1.171096e-01
 1649	1.170932e-01
 1650	1.170770e-01
 1651	1.170608e-01
 1652	1.170448e-01
 1653	1.170288e-01
 1654	1.170130e-01
 1655	1.169972e-01
 1656	1.169816e-01
 1657	1.169661e-01
 1658	1.169507e-01
 1659	1.169354e-01
 1660	1.169202e-01
 1661	1.169051e-01
 1662	1.168902e-01
 1663	1.168754e-01
 1664	1.168606e-01
 1665	1.168461e-01
 1666	1.168316e-01
 1667	1.168172e-01
 1668	1.168030e-01
 1669	1.167890e-01
 1670	1.167750e-01
 1671	1.167612e-01
 1672	1.167475e-01
 1673	1.167340e-01
 1674	1.167206e-01
 1675	1.167073e-01
 1676	1.166942e-01
 1677	1.166812e-01
 1678	1.166684e-01
 1679	1.166558e-01
 1680	1.166433e-01
 1681	1.166309e-01
 1682	1.166187e-01
 1683	1.166067e-01
 1684	1.165948e-01
 1685	1.165832e-01
 1686	1.165717e-01
 1687	1.165603e-01
 1688	1.165492e-01
 1689	1.165382e-01
 1690	1.165274e-01
 1691	1.165168e-01
 1692	1.165064e-01
 1693	1.164962e-01
 1694	1.164862e-01
 1695	1.164764e-01
 1696	1.164668e-01
 1697	1.164575e-01
 1698	1.164483e-01
 1699	1.164394e-01
 1700	1.164307e-01
 1701	1.164222e-01
 1702	1.164139e-01
 1703	1.164059e-01
 1704	1.163981e-01
 1705	1.163906e-01
 1706	1.163833e-01
 1707	1.163763e-01
 1708	1.163696e-01
 1709	1.163631e-01
 1710	1.163568e-01
 1711	1.163509e-01
 1712	1.163452e-01
 1713	1.163398e-01
 1714	1.163347e-01
 1715	1.163299e-01
 1716	1.163254e-01
 1717	1.163211e-01
 1718	1.163172e-01
 1719	1.163136e-01
 1720	1.163103e-01
 1721	1.163074e-01
 1722	1.163047e-01
 1723	1.163024e-01
 1724	1.163004e-01
 1725	1.162988e-01
 1726	1.162975e-01
 1727	1.162965e-01
 1728	1.162959e-01
 1729	1.162957e-01
 1730	1.162958e-01
 1731	1.162962e-01
 1732	1.162970e-01
 1733	1.162982e-01
 1734	1.162997e-01
 1735	1.163017e-01
 1736	1.163039e-01
 1737	1.163066e-01
 1738	1.163096e-01
 1739	1.163131e-01
 1740	1.163167e-01
 1741	1.163210e-01
 1742	1.163253e-01
 1743	1.163304e-01
 1744	1.163354e-01
 1745	1.163413e-01
 1746	1.163469e-01
 1747	1.163536e-01
 1748	1.163598e-01
 1749	1.163673e-01
 1750	1.163741e-01
 1751	1.163825e-01
 1752	1.163897e-01
 1753	1.163990e-01
 1754	1.164066e-01
 1755	1.164167e-01
 1756	1.164246e-01
 1757	1.164357e-01
 1758	1.164437e-01
 1759	1.164558e-01
 1760	1.164638e-01
 1761	1.164770e-01
 1762	1.164849e-01
 1763	1.164990e-01
 1764	1.165067e-01
 1765	1.165219e-01
 1766	1.165292e-01
 1767	1.165454e-01
 1768	1.165523e-01
 1769	1.165695e-01
 1770	1.165758e-01
 1771	1.165939e-01
 1772	1.165996e-01
 1773	1.166186e-01
 1774	1.166237e-01
 1775	1.166433e-01
 1776	1.166479e-01
 1777	1.166679e-01
 1778	1.166721e-01
 1779	1.166922e-01
 1780	1.166962e-01
 1781	1.167161e-01
 1782	1.167201e-01
 1783	1.167395e-01
 1784	1.167436e-01
 1785	1.167622e-01
 1786	1.167666e-01
 1787	1.167843e-01
 1788	1.167890e-01
 1789	1.168055e-01
 1790	1.168106e-01
 1791	1.168258e-01
 1792	1.168314e-01
 1793	1.168453e-01
 1794	1.168513e-01
 1795	1.168638e-01
 1796	1.168701e-01
 1797	1.168814e-01
 1798	1.168879e-01
 1799	1.168979e-01
 1800	1.169045e-01
 1801	1.169135e-01
 1802	1.169200e-01
 1803	1.169280e-01
 1804	1.169343e-01
 1805	1.169415e-01
 1806	1.169475e-01
 1807	1.169540e-01
 1808	1.169596e-01
 1809	1.169654e-01
 1810	1.169706e-01
 1811	1.169758e-01
 1812	1.169805e-01
 1813	1.169852e-01
 1814	1.169895e-01
 1815	1.169936e-01
 1816	1.169975e-01
 1817	1.170011e-01
 1818	1.170045e-01
 1819	1.170077e-01
 1820	1.170107e-01
 1821	1.170135e-01
 1822	1.170161e-01
 1823	1.170185e-01
 1824	1.170207e-01
 1825	1.170227e-01
 1826	1.170246e-01
 1827	1.170263e-01
 1828	1.170278e-01
 1829	1.170292e-01
 1830	1.170304e-01
 1831	1.170315e-01
 1832	1.170324e-01
 1833	1.170332e-01
 1834	1.170339e-01
 1835	1.170344e-01
 1836	1.170348e-01
 1837	1.170351e-01
 1838	1.170352e-01
 1839	1.170353e-01
 1840	1.170352e-01
 1841	1.170350e-01
 1842	1.170347e-01
 1843	1.170343e-01
 1844	1.170338e-01
 1845	1.170332e-01
 1846	1.170325e-01
 1847	1.170316e-01
 1848	1.170307e-01
 1849	1.170296e-01
 1850	1.170285e-01
 1851	1.170272e-01
 1852	1.170258e-01
 1853	1.170243e-01
 1854	1.170227e-01
 1855	1.170210e-01
 1856	1.170192e-01
 1857	1.170172e-01
 1858	1.170151e-01
 1859	1.170129e-01
 1860	1.170106e-01
 1861	1.170081e-01
 1862	1.170055e-01
 1863	1.170028e-01
 1864	1.170000e-01
 1865	1.169970e-01
 1866	1.169939e-01
 1867	1.169907e-01
 1868	1.169873e-01
 1869	1.169838e-01
 1870	1.169801e-01
 1871	1.169763e-01
 1872	1.169724e-01
 1873	1.169683e-01
 1874	1.169641e-01
 1875	1.169598e-01
 1876	1.169553e-01
 1877	1.169507e-01
 1878	1.169460e-01
 1879	1.169411e-01
 1880	1.169361e-01
 1881	1.169310e-01
 1882	1.169258e-01
 1883	1.169204e-01
 1884	1.169149e-01
 1885	1.169093e-01
 1886	1.169036e-01
 1887	1.168978e-01
 1888	1.168919e-01
 1889	1.168859e-01
 1890	1.168798e-01
 1891	1.168736e-01
 1892	1.168673e-01
 1893	1.168609e-01
 1894	1.168545e-01
 1895	1.168480e-01
 1896	1.168414e-01
 1897	1.168348e-01
 1898	1.168281e-01
 1899	1.168214e-01
 1900	1.168146e-01
 1901	1.168078e-01
 1902	1.168010e-01
 1903	1.167942e-01
 1904	1.167874e-01
 1905	1.167805e-01
 1906	1.167737e-01
 1907	1.167668e-01
 1908	1.167600e-01
 1909	1.167532e-01
 1910	1.167464e-01
 1911	1.167397e-01
 1912	1.167330e-01
 1913	1.167263e-01
 1914	1.167197e-01
 1915	1.167132e-01
 1916	1.167068e-01
 1917	1.167004e-01
 1918	1.166941e-01
 1919	1.166879e-01
 1920	1.166817e-01
 1921	1.166757e-01
 1922	1.166698e-01
 1923	1.166640e-01
 1924	1.166583e-01
 1925	1.166527e-01
 1926	1.166473e-01
 1927	1.166420e-01
 1928	1.166368e-01
 1929	1.166318e-01
 1930	1.166269e-01
 1931	1.166222e-01
 1932	1.166176e-01
 1933	1.166131e-01
 1934	1.166089e-01
 1935	1.166048e-01
 1936	1.166008e-01
 1937	1.165971e-01
 1938	1.165935e-01
 1939	1.165900e-01
 1940	1.165868e-01
 1941	1.165837e-01
 1942	1.165808e-01
 1943	1.165781e-01
 1944	1.165755e-01
 1945	1.165732e-01
 1946	1.165710e-01
 1947	1.165689e-01
 1948	1.165671e-01
 1949	1.165654e-01
 1950	1.165639e-01
 1951	1.165626e-01
 1952	1.165614e-01
 1953	1.165604e-01
 1954	1.165596e-01
 1955	1.165589e-01
 1956	1.165584e-01
 1957	1.165580e-01
 1958	1.165577e-01
 1959	1.165576e-01
 1960	1.165576e-01
 1961	1.165578e-01
 1962	1.165581e-01
 1963	1.165585e-01
 1964	1.165590e-01
 1965	1.165596e-01
 1966	1.165602e-01
 1967	1.165610e-01
 1968	1.165619e-01
 1969	1.165628e-01
 1970	1.165637e-01
 1971	1.165648e-01
 1972	1.165658e-01
 1973	1.165669e-01
 1974	1.165680e-01
 1975	1.165691e-01
 1976	1.165702e-01
 1977	1.165713e-01
 1978	1.165724e-01
 1979	1.165735e-01
 1980	1.165745e-01
 1981	1.165754e-01
 1982	1.165763e-01
 1983	1.165771e-01
 1984	1.165778e-01
 1985	1.165784e-01
 1986	1.165789e-01
 1987	1.165793e-01
 1988	1.165795e-01
 1989	1.165796e-01
 1990	1.165795e-01
 1991	1.165793e-01
 1992	1.165789e-01
 1993	1.165783e-01
 1994	1.165775e-01
 1995	1.165765e-01
 1996	1.165752e-01
 1997	1.165737e-01
 1998	1.165720e-01
 1999	1.165700e-01
 2000	1.165678e-01
 2001	1.165653e-01
 2002	1.165625e-01
 2003	1.165594e-01
 2004	1.165561e-01
 2005	1.165524e-01
 2006	1.165484e-01
 2007	1.165441e-01
 2008	1.165394e-01
 2009	1.165344e-01
 2010	1.165291e-01
 2011	1.165234e-01
 2012	1.165174e-01
 2013	1.165110e-01
 2014	1.165043e-01
 2015	1.164972e-01
 2016	1.164897e-01
 2017	1.164818e-01
 2018	1.164736e-01
 2019	1.164649e-01
 2020	1.164559e-01
 2021	1.164465e-01
 2022	1.164367e-01
 2023	1.164265e-01
 2024	1.164159e-01
 2025	1.164049e-01
 2026	1.163935e-01
 2027	1.163817e-01
 2028	1.163695e-01
 2029	1.163569e-01
 2030	1.163439e-01
 2031	1.163305e-01
 2032	1.163167e-01
 2033	1.163025e-01
 2034	1.162878e-01
 2035	1.162728e-01
 2036	1.162574e-01
 2037	1.162415e-01
 2038	1.162253e-01
 2039	1.162086e-01
 2040	1.161916e-01
 2041	1.161741e-01
 2042	1.161562e-01
 2043	1.161380e-01
 2044	1.161193e-01
 2045	1.161002e-01
 2046	1.160808e-01
 2047	1.160609e-01
 2048	1.160406e-01
 2049	1.160199e-01
 2050	1.159988e-01
 2051	1.159774e-01
 2052	1.159555e-01
 2053	1.159332e-01
 2054	1.159105e-01
 2055	1.158874e-01
 2056	1.158640e-01
 2057	1.158401e-01
 2058	1.158158e-01
 2059	1.157911e-01
 2060	1.157661e-01
 2061	1.157406e-01
 2062	1.157147e-01
 2063	1.156884e-01
 2064	1.156618e-01
 2065	1.156347e-01
 2066	1.156072e-01
 2067	1.155793e-01
 2068	1.155511e-01
 2069	1.155224e-01
 2070	1.154933e-01
 2071	1.154638e-01
 2072	1.154339e-01
 2073	1.154036e-01
 2074	1.153729e-01
 2075	1.153418e-01
 2076	1.153103e-01
 2077	1.152783e-01
 2078	1.152460e-01
 2079	1.152132e-01
 2080	1.151801e-01
 2081	1.151465e-01
 2082	1.151125e-01
 2083	1.150780e-01
 2084	1.150432e-01
 2085	1.150079e-01
 2086	1.149722e-01
 2087	1.149361e-01
 2088	1.148995e-01
 2089	1.148626e-01
 2090	1.148251e-01
 2091	1.147873e-01
 2092	1.147490e-01
 2093	1.147102e-01
 2094	1.146710e-01
 2095	1.146314e-01
 2096	1.145913e-01
 2097	1.145507e-01
 2098	1.145097e-01
 2099	1.144683e-01
 2100	1.144263e-01
 2101	1.143839e-01
 2102	1.143410e-01
 2103	1.142976e-01
 2104	1.142537e-01
 2105	1.142094e-01
 2106	1.141645e-01
 2107	1.141191e-01
 2108	1.140733e-01
 2109	1.140268e-01
 2110	1.139802e-01
 2111	1.139322e-01
 2112	1.138852e-01
 2113	1.138349e-01
 2114	1.137892e-01
 2115	1.137334e-01
 2116	1.136950e-01
 2117	1.136224e-01
 2118	1.136126e-01
 2119	1.134844e-01
 2120	1.135815e-01
 2121	1.132668e-01
 2122	1.137712e-01
 2123	1.129155e-01
 2124	1.150314e-01
 2125	1.133536e-01
 2126	1.203859e-01
 2127	1.143954e-01
 2128	1.192330e-01
 2129	1.150140e-01
 2130	1.242461e-01
 2131	1.143411e-01
 2132	1.176672e-01
 2133	1.161416e-01
 2134	1.245338e-01
 2135	1.139123e-01
 2136	1.173975e-01
 2137	1.161782e-01
 2138	1.232491e-01
 2139	1.133927e-01
 2140	1.187221e-01
 2141	1.150035e-01
 2142	1.216767e-01
 2143	1.135751e-01
 2144	1.198330e-01
 2145	1.139690e-01
 2146	1.203596e-01
 2147	1.137422e-01
 2148	1.197873e-01
 2149	1.136414e-01
 2150	1.195333e-01
 2151	1.135054e-01
 2152	1.191611e-01
 2153	1.133190e-01
 2154	1.187740e-01
 2155	1.130946e-01
 2156	1.183482e-01
 2157	1.128231e-01
 2158	1.178767e-01
 2159	1.125031e-01
 2160	1.173464e-01
 2161	1.121325e-01
 2162	1.167387e-01
 2163	1.117123e-01
 2164	1.160288e-01
 2165	1.112513e-01
 2166	1.151922e-01
 2167	1.107763e-01
 2168	1.142247e-01
 2169	1.103411e-01
 2170	1.131775e-01
 2171	1.100100e-01
 2172	1.121660e-01
 2173	1.098112e-01
 2174	1.113028e-01
 2175	1.097255e-01
 2176	1.106382e-01
 2177	1.097159e-01
 2178	1.101771e-01
 2179	1.097307e-01
 2180	1.098943e-01
 2181	1.097210e-01
 2182	1.097425e-01
 2183	1.096848e-01
 2184	1.096710e-01
 2185	1.096522e-01
 2186	1.096433e-01
 2187	1.096394e-01
 2188	1.096400e-01
 2189	1.096439e-01
 2190	1.096498e-01
 2191	1.096569e-01
 2192	1.096642e-01
 2193	1.096711e-01
 2194	1.096770e-01
 2195	1.096817e-01
 2196	1.096850e-01
 2197	1.096868e-01
 2198	1.096871e-01
 2199	1.096859e-01
 2200	1.096833e-01
 2201	1.096795e-01
 2202	1.096746e-01
 2203	1.096688e-01
 2204	1.096621e-01
 2205	1.096548e-01
 2206	1.096470e-01
 2207	1.096388e-01
 2208	1.096303e-01
 2209	1.096217e-01
 2210	1.096131e-01
 2211	1.096046e-01
 2212	1.095963e-01
 2213	1.095881e-01
 2214	1.095803e-01
 2215	1.095728e-01
 2216	1.095657e-01
 2217	1.095590e-01
 2218	1.095528e-01
 2219	1.095471e-01
 2220	1.095419e-01
 2221	1.095372e-01
 2222	1.095329e-01
 2223	1.095292e-01
 2224	1.095260e-01
 2225	1.095233e-01
 2226	1.095210e-01
 2227	1.095192e-01
 2228	1.095179e-01
 2229	1.095170e-01
 2230	1.095165e-01
 2231	1.095164e-01
 2232	1.095167e-01
 2233	1.095173e-01
 2234	1.095183e-01
 2235	1.095195e-01
 2236	1.095211e-01
 2237	1.095229e-01
 2238	1.095249e-01
 2239	1.095272e-01
 2240	1.095297e-01
 2241	1.095323e-01
 2242	1.095351e-01
 2243	1.095380e-01
 2244	1.095411e-01
 2245	1.095443e-01
 2246	1.095475e-01
 2247	1.095508e-01
 2248	1.095542e-01
 2249	1.095575e-01
 2250	1.095609e-01
 2251	1.095644e-01
 2252	1.095677e-01
 2253	1.095711e-01
 2254	1.095744e-01
 2255	1.095777e-01
 2256	1.095809e-01
 2257	1.095841e-01
 2258	1.095871e-01
 2259	1.095901e-01
 2260	1.095930e-01
 2261	1.095957e-01
 2262	1.095983e-01
 2263	1.096008e-01
 2264	1.096032e-01
 2265	1.096054e-01
 2266	1.096075e-01
 2267	1.096093e-01
 2268	1.096111e-01
 2269	1.096126e-01
 2270	1.096140e-01
 2271	1.096152e-01
 2272	1.096162e-01
 2273	1.096170e-01
 2274	1.096175e-01
 2275	1.096179e-01
 2276	1.096181e-01
 2277	1.096180e-01
 2278	1.096177e-01
 2279	1.096172e-01
 2280	1.096164e-01
 2281	1.096154e-01
 2282	1.096141e-01
 2283	1.096126e-01
 2284	1.096108e-01
 2285	1.096088e-01
 2286	1.096065e-01
 2287	1.096040e-01
 2288	1.096011e-01
 2289	1.095980e-01
 2290	1.095946e-01
 2291	1.095910e-01
 2292	1.095870e-01
 2293	1.095828e-01
 2294	1.095783e-01
 2295	1.095734e-01
 2296	1.095683e-01
 2297	1.095629e-01
 2298	1.095572e-01
 2299	1.095512e-01
 2300	1.095449e-01
 2301	1.095383e-01
 2302	1.095314e-01
 2303	1.095241e-01
 2304	1.095166e-01
 2305	1.095088e-01
 2306	1.095007e-01
 2307	1.094923e-01
 2308	1.094835e-01
 2309	1.094745e-01
 2310	1.094652e-01
 2311	1.094555e-01
 2312	1.094456e-01
 2313	1.094354e-01
 2314	1.094249e-01
 2315	1.094141e-01
 2316	1.094030e-01
 2317	1.093916e-01
 2318	1.093799e-01
 2319	1.093680e-01
 2320	1.093558e-01
 2321	1.093432e-01
 2322	1.093305e-01
 2323	1.093174e-01
 2324	1.093041e-01
 2325	1.092905e-01
 2326	1.092767e-01
 2327	1.092626e-01
 2328	1.092482e-01
 2329	1.092336e-01
 2330	1.092188e-01
 2331	1.092037e-01
 2332	1.091884e-01
 2333	1.091728e-01
 2334	1.091570e-01
 2335	1.091410e-01
 2336	1.091247e-01
 2337	1.091083e-01
 2338	1.090916e-01
 2339	1.090747e-01
 2340	1.090576e-01
 2341	1.090403e-01
 2342	1.090228e-01
 2343	1.090050e-01
 2344	1.089871e-01
 2345	1.089690e-01
 2346	1.089508e-01
 2347	1.089323e-01
 2348	1.089137e-01
 2349	1.088948e-01
 2350	1.088758e-01
 2351	1.088567e-01
 2352	1.088373e-01
 2353	1.088179e-01
 2354	1.087982e-01
 2355	1.087784e-01
 2356	1.087584e-01
 2357	1.087383e-01
 2358	1.087181e-01
 2359	1.086977e-01
 2360	1.086772e-01
 2361	1.086565e-01
 2362	1.086357e-01
 2363	1.086147e-01
 2364	1.085937e-01
 2365	1.085725e-01
 2366	1.085512e-01
 2367	1.085297e-01
 2368	1.085082e-01
 2369	1.084865e-01
 2370	1.084647e-01
 2371	1.084428e-01
 2372	1.084208e-01
 2373	1.083987e-01
 2374	1.083765e-01
 2375	1.083542e-01
 2376	1.083318e-01
 2377	1.083093e-01
 2378	1.082867e-01
 2379	1.082640e-01
 2380	1.082412e-01
 2381	1.082183e-01
 2382	1.081953e-01
 2383	1.081723e-01
 2384	1.081492e-01
 2385	1.081260e-01
 2386	1.081027e-01
 2387	1.080793e-01
 2388	1.080559e-01
 2389	1.080324e-01
 2390	1.080088e-01
 2391	1.079851e-01
 2392	1.079614e-01
 2393	1.079376e-01
 2394	1.079138e-01
 2395	1.078898e-01
 2396	1.078659e-01
 2397	1.078418e-01
 2398	1.078177e-01
 2399	1.077936e-01
 2400	1.077693e-01
 2401	1.077451e-01
 2402	1.077208e-01
 2403	1.076964e-01
 2404	1.076720e-01
 2405	1.076475e-01
 2406	1.076229e-01
 2407	1.075984e-01
 2408	1.075738e-01
 2409	1.075491e-01
 2410	1.075244e-01
 2411	1.074996e-01
 2412	1.074748e-01
 2413	1.074500e-01
 2414	1.074251e-01
 2415	1.074002e-01
 2416	1.073753e-01
 2417	1.073503e-01
 2418	1.073253e-01
 2419	1.073002e-01
 2420	1.072751e-01
 2421	1.072500e-01
 2422	1.072249e-01
 2423	1.071997e-01
 2424	1.071745e-01
 2425	1.071492e-01
 2426	1.071240e-01
 2427	1.070987e-01
 2428	1.070734e-01
 2429	1.070480e-01
 2430	1.070227e-01
 2431	1.069973e-01
 2432	1.069719e-01
 2433	1.069464e-01
 2434	1.069210e-01
 2435	1.068955e-01
 2436	1.068700e-01
 2437	1.068445e-01
 2438	1.068190e-01
 2439	1.067934e-01
 2440	1.067679e-01
 2441	1.067423e-01
 2442	1.067167e-01
 2443	1.066911e-01
 2444	1.066655e-01
 2445	1.066398e-01
 2446	1.066142e-01
 2447	1.065885e-01
 2448	1.065629e-01
 2449	1.065372e-01
 2450	1.065115e-01
 2451	1.064858e-01
 2452	1.064601e-01
 2453	1.064344e-01
 2454	1.064087e-01
 2455	1.063829e-01
 2456	1.063572e-01
 2457	1.063315e-01
 2458	1.063057e-01
 2459	1.062800e-01
 2460	1.062542e-01
 2461	1.062285e-01
 2462	1.062027e-01
 2463	1.061769e-01
 2464	1.061512e-01
 2465	1.061254e-01
 2466	1.060996e-01
 2467	1.060739e-01
 2468	1.060481e-01
 2469	1.060223e-01
 2470	1.059966e-01
 2471	1.059708e-01
 2472	1.059450e-01
 2473	1.059192e-01
 2474	1.058935e-01
 2475	1.058677e-01
 2476	1.058419e-01
 2477	1.058162e-01
 2478	1.057904e-01
 2479	1.057647e-01
 2480	1.057389e-01
 2481	1.057132e-01
 2482	1.056874e-01
 2483	1.056617e-01
 2484	1.056360e-01
 2485	1.056102e-01
 2486	1.055845e-01
 2487	1.055588e-01
 2488	1.055331e-01
 2489	1.055074e-01
 2490	1.054817e-01
 2491	1.054560e-01
 2492	1.054303e-01
 2493	1.054046e-01
 2494	1.053789e-01
 2495	1.053532e-01
 2496	1.053276e-01
 2497	1.053019e-01
 2498	1.052762e-01
 2499	1.052506e-01
 2500	1.052250e-01
 2501	1.051993e-01
 2502	1.051737e-01
 2503	1.051481e-01
 2504	1.051225e-01
 2505	1.050968e-01
 2506	1.050712e-01
 2507	1.050456e-01
 2508	1.050201e-01
 2509	1.049945e-01
 2510	1.049689e-01
 2511	1.049433e-01
 2512	1.049178e-01
 2513	1.048922e-01
 2514	1.048666e-01
 2515	1.048411e-01
 2516	1.048155e-01
 2517	1.047900e-01
 2518	1.047645e-01
 2519	1.047389e-01
 2520	1.047134e-01
 2521	1.046879e-01
 2522	1.046624e-01
 2523	1.046368e-01
 2524	1.046113e-01
 2525	1.045858e-01
 2526	1.045603e-01
 2527	1.045348e-01
 2528	1.045092e-01
 2529	1.044837e-01
 2530	1.044582e-01
 2531	1.044327e-01
 2532	1.044071e-01
 2533	1.043816e-01
 2534	1.043561e-01
 2535	1.043305e-01
 2536	1.043049e-01
 2537	1.042794e-01
 2538	1.042538e-01
 2539	1.042282e-01
 2540	1.042026e-01
 2541	1.041769e-01
 2542	1.041513e-01
 2543	1.041256e-01
 2544	1.040999e-01
 2545	1.040741e-01
 2546	1.040484e-01
 2547	1.040226e-01
 2548	1.039967e-01
 2549	1.039708e-01
 2550	1.039448e-01
 2551	1.039188e-01
 2552	1.038927e-01
 2553	1.038666e-01
 2554	1.038403e-01
 2555	1.038140e-01
 2556	1.037875e-01
 2557	1.037610e-01
 2558	1.037343e-01
 2559	1.037074e-01
 2560	1.036804e-01
 2561	1.036532e-01
 2562	1.036258e-01
 2563	1.035981e-01
 2564	1.035701e-01
 2565	1.035418e-01
 2566	1.035132e-01
 2567	1.034841e-01
 2568	1.034546e-01
 2569	1.034245e-01
 2570	1.033937e-01
 2571	1.033622e-01
 2572	1.033298e-01
 2573	1.032964e-01
 2574	1.032618e-01
 2575	1.032257e-01
 2576	1.031880e-01
 2577	1.031484e-01
 2578	1.031063e-01
 2579	1.030615e-01
 2580	1.030132e-01
 2581	1.029608e-01
 2582	1.029035e-01
 2583	1.028401e-01
 2584	1.027694e-01
 2585	1.026898e-01
 2586	1.025993e-01
 2587	1.024955e-01
 2588	1.023759e-01
 2589	1.022372e-01
 2590	1.020762e-01
 2591	1.018895e-01
 2592	1.016744e-01
 2593	1.014296e-01
 2594	1.011557e-01
 2595	1.008566e-01
 2596	1.005392e-01
 2597	1.002136e-01
 2598	9.989058e-02
 2599	9.958005e-02
 2600	9.928868e-02
 2601	9.901906e-02
 2602	9.877034e-02
 2603	9.853975e-02
 2604	9.832452e-02
 2605	9.812317e-02
 2606	9.793580e-02
 2607	9.776360e-02
 2608	9.760782e-02
 2609	9.746904e-02
 2610	9.734668e-02
 2611	9.723920e-02
 2612	9.714440e-02
 2613	9.705991e-02
 2614	9.698357e-02
 2615	9.691356e-02
 2616	9.684848e-02
 2617	9.678733e-02
 2618	9.672940e-02
 2619	9.667417e-02
 2620	9.662125e-02
 2621	9.657035e-02
 2622	9.652119e-02
 2623	9.647357e-02
 2624	9.642727e-02
 2625	9.638212e-02
 2626	9.633795e-02
 2627	9.629464e-02
 2628	9.625208e-02
 2629	9.621017e-02
 2630	9.616882e-02
 2631	9.612798e-02
 2632	9.608759e-02
 2633	9.604760e-02
 2634	9.600798e-02
 2635	9.596868e-02
 2636	9.592970e-02
 2637	9.589099e-02
 2638	9.585254e-02
 2639	9.581434e-02
 2640	9.577637e-02
 2641	9.573862e-02
 2642	9.570108e-02
 2643	9.566374e-02
 2644	9.562659e-02
 2645	9.558964e-02
 2646	9.555287e-02
 2647	9.551629e-02
 2648	9.547989e-02
 2649	9.544367e-02
 2650	9.540762e-02
 2651	9.537176e-02
 2652	9.533606e-02
 2653	9.530055e-02
 2654	9.526521e-02
 2655	9.523004e-02
 2656	9.519505e-02
 2657	9.516023e-02
 2658	9.512559e-02
 2659	9.509112e-02
 2660	9.505683e-02
 2661	9.502272e-02
 2662	9.498878e-02
 2663	9.495501e-02
 2664	9.492142e-02
 2665	9.488801e-02
 2666	9.485477e-02
 2667	9.482170e-02
 2668	9.478881e-02
 2669	9.475609e-02
 2670	9.472354e-02
 2671	9.469117e-02
 2672	9.465896e-02
 2673	9.462693e-02
 2674	9.459506e-02
 2675	9.456336e-02
 2676	9.453183e-02
 2677	9.450047e-02
 2678	9.446926e-02
 2679	9.443822e-02
 2680	9.440734e-02
 2681	9.437662e-02
 2682	9.434606e-02
 2683	9.431565e-02
 2684	9.428540e-02
 2685	9.425529e-02
 2686	9.422534e-02
 2687	9.419553e-02
 2688	9.416587e-02
 2689	9.413635e-02
 2690	9.410697e-02
 2691	9.407773e-02
 2692	9.404863e-02
 2693	9.401966e-02
 2694	9.399082e-02
 2695	9.396211e-02
 2696	9.393352e-02
 2697	9.390506e-02
 2698	9.387671e-02
 2699	9.384848e-02
 2700	9.382037e-02
 2701	9.379237e-02
 2702	9.376447e-02
 2703	9.373669e-02
 2704	9.370900e-02
 2705	9.368142e-02
 2706	9.365393e-02
 2707	9.362653e-02
 2708	9.359922e-02
 2709	9.357201e-02
 2710	9.354487e-02
 2711	9.351782e-02
 2712	9.349084e-02
 2713	9.346394e-02
 2714	9.343711e-02
 2715	9.341035e-02
 2716	9.338365e-02
 2717	9.335701e-02
 2718	9.333044e-02
 2719	9.330391e-02
 2720	9.327744e-02
 2721	9.325102e-02
 2722	9.322464e-02
 2723	9.319831e-02
 2724	9.317201e-02
 2725	9.314575e-02
 2726	9.311952e-02
 2727	9.309332e-02
 2728	9.306714e-02
 2729	9.304099e-02
 2730	9.301486e-02
 2731	9.298874e-02
 2732	9.296263e-02
 2733	9.293654e-02
 2734	9.291045e-02
 2735	9.288436e-02
 2736	9.285828e-02
 2737	9.283219e-02
 2738	9.280609e-02
 2739	9.277999e-02
 2740	9.275387e-02
 2741	9.272774e-02
 2742	9.270159e-02
 2743	9.267542e-02
 2744	9.264922e-02
 2745	9.262300e-02
 2746	9.259675e-02
 2747	9.257046e-02
 2748	9.254414e-02
 2749	9.251778e-02
 2750	9.249138e-02
 2751	9.246494e-02
 2752	9.243845e-02
 2753	9.241192e-02
 2754	9.238533e-02
 2755	9.235868e-02
 2756	9.233199e-02
 2757	9.230523e-02
 2758	9.227841e-02
 2759	9.225153e-02
 2760	9.222458e-02
 2761	9.219757e-02
 2762	9.217048e-02
 2763	9.214333e-02
 2764	9.211610e-02
 2765	9.208879e-02
 2766	9.206141e-02
 2767	9.203395e-02
 2768	9.200640e-02
 2769	9.197878e-02
 2770	9.195106e-02
 2771	9.192327e-02
 2772	9.189538e-02
 2773	9.186740e-02
 2774	9.183934e-02
 2775	9.181118e-02
 2776	9.178292e-02
 2777	9.175458e-02
 2778	9.172613e-02
 2779	9.169759e-02
 2780	9.166895e-02
 2781	9.164021e-02
 2782	9.161137e-02
 2783	9.158243e-02
 2784	9.155338e-02
 2785	9.152424e-02
 2786	9.149499e-02
 2787	9.146563e-02
 2788	9.143617e-02
 2789	9.140660e-02
 2790	9.137693e-02
 2791	9.134716e-02
 2792	9.131727e-02
 2793	9.128728e-02
 2794	9.125718e-02
 2795	9.122697e-02
 2796	9.119666e-02
 2797	9.116624e-02
 2798	9.113571e-02
 2799	9.110507e-02
 2800	9.107433e-02
 2801	9.104347e-02
 2802	9.101251e-02
 2803	9.098145e-02
 2804	9.095027e-02
 2805	9.091899e-02
 2806	9.088761e-02
 2807	9.085612e-02
 2808	9.082452e-02
 2809	9.079282e-02
 2810	9.076102e-02
 2811	9.072911e-02
 2812	9.069710e-02
 2813	9.066499e-02
 2814	9.063277e-02
 2815	9.060046e-02
 2816	9.056804e-02
 2817	9.053553e-02
 2818	9.050292e-02
 2819	9.047022e-02
 2820	9.043741e-02
 2821	9.040452e-02
 2822	9.037153e-02
 2823	9.033844e-02
 2824	9.030527e-02
 2825	9.027200e-02
 2826	9.023865e-02
 2827	9.020521e-02
 2828	9.017168e-02
 2829	9.013806e-02
 2830	9.010436e-02
 2831	9.007058e-02
 2832	9.003672e-02
 2833	9.000277e-02
 2834	8.996875e-02
 2835	8.993465e-02
 2836	8.990047e-02
 2837	8.986622e-02
 2838	8.983189e-02
 2839	8.979749e-02
 2840	8.976302e-02
 2841	8.972848e-02
 2842	8.969388e-02
 2843	8.965920e-02
 2844	8.962446e-02
 2845	8.958966e-02
 2846	8.955480e-02
 2847	8.951987e-02
 2848	8.948489e-02
 2849	8.944985e-02
 2850	8.941475e-02
 2851	8.937960e-02
 2852	8.934439e-02
 2853	8.930913e-02
 2854	8.927383e-02
 2855	8.923847e-02
 2856	8.920306e-02
 2857	8.916761e-02
 2858	8.913212e-02
 2859	8.909658e-02
 2860	8.906100e-02
 2861	8.902538e-02
 2862	8.898972e-02
 2863	8.895403e-02
 2864	8.891830e-02
 2865	8.888253e-02
 2866	8.884673e-02
 2867	8.881090e-02
 2868	8.877504e-02
 2869	8.873915e-02
 2870	8.870323e-02
 2871	8.866728e-02
 2872	8.863131e-02
 2873	8.859532e-02
 2874	8.855930e-02
 2875	8.852327e-02
 2876	8.848721e-02
 2877	8.845113e-02
 2878	8.841504e-02
 2879	8.837893e-02
 2880	8.834280e-02
 2881	8.830666e-02
 2882	8.827051e-02
 2883	8.823434e-02
 2884	8.819817e-02
 2885	8.816198e-02
 2886	8.812579e-02
 2887	8.808959e-02
 2888	8.805338e-02
 2889	8.801717e-02
 2890	8.798095e-02
 2891	8.794473e-02
 2892	8.790851e-02
 2893	8.787228e-02
 2894	8.783605e-02
 2895	8.779983e-02
 2896	8.776360e-02
 2897	8.772738e-02
 2898	8.769116e-02
 2899	8.765494e-02
 2900	8.761873e-02
 2901	8.758252e-02
 2902	8.754632e-02
 2903	8.751013e-02
 2904	8.747394e-02
 2905	8.743776e-02
 2906	8.740159e-02
 2907	8.736543e-02
 2908	8.732927e-02
 2909	8.729313e-02
 2910	8.725700e-02
 2911	8.722088e-02
 2912	8.718477e-02
 2913	8.714868e-02
 2914	8.711260e-02
 2915	8.707653e-02
 2916	8.704047e-02
 2917	8.700443e-02
 2918	8.696841e-02
 2919	8.693240e-02
 2920	8.689640e-02
 2921	8.686042e-02
 2922	8.682446e-02
 2923	8.678851e-02
 2924	8.675258e-02
 2925	8.671667e-02
 2926	8.668077e-02
 2927	8.664489e-02
 2928	8.660903e-02
 2929	8.657319e-02
 2930	8.653736e-02
 2931	8.650156e-02
 2932	8.646577e-02
 2933	8.643000e-02
 2934	8.639424e-02
 2935	8.635851e-02
 2936	8.632280e-02
 2937	8.628710e-02
 2938	8.625142e-02
 2939	8.621576e-02
 2940	8.618012e-02
 2941	8.614450e-02
 2942	8.610889e-02
 2943	8.607330e-02
 2944	8.603774e-02
 2945	8.600218e-02
 2946	8.596665e-02
 2947	8.593114e-02
 2948	8.589564e-02
 2949	8.586016e-02
 2950	8.582470e-02
 2951	8.578925e-02
 2952	8.575382e-02
 2953	8.571841e-02
 2954	8.568301e-02
 2955	8.564763e-02
 2956	8.561226e-02
 2957	8.557691e-02
 2958	8.554158e-02
 2959	8.550626e-02
 2960	8.547095e-02
 2961	8.543566e-02
 2962	8.540038e-02
 2963	8.536511e-02
 2964	8.532986e-02
 2965	8.529462e-02
 2966	8.525938e-02
 2967	8.522417e-02
 2968	8.518896e-02
 2969	8.515376e-02
 2970	8.511857e-02
 2971	8.508339e-02
 2972	8.504822e-02
 2973	8.501306e-02
 2974	8.497790e-02
 2975	8.494275e-02
 2976	8.490761e-02
 2977	8.487247e-02
 2978	8.483734e-02
 2979	8.480221e-02
 2980	8.476709e-02
 2981	8.473197e-02
 2982	8.469685e-02
 2983	8.466174e-02
 2984	8.462662e-02
 2985	8.459151e-02
 2986	8.455639e-02
 2987	8.452128e-02
 2988	8.448616e-02
 2989	8.445104e-02
 2990	8.441592e-02
 2991	8.438079e-02
 2992	8.434566e-02
 2993	8.431052e-02
 2994	8.427538e-02
 2995	8.424023e-02
 2996	8.420507e-02
 2997	8.416991e-02
 2998	8.413473e-02
 2999	8.409954e-02
 3000	8.406435e-02
 3001	8.402914e-02
 3002	8.399391e-02
 3003	8.395868e-02
 3004	8.392343e-02
 3005	8.388816e-02
 3006	8.385288e-02
 3007	8.381758e-02
 3008	8.378226e-02
 3009	8.374692e-02
 3010	8.371156e-02
 3011	8.367619e-02
 3012	8.364079e-02
 3013	8.360536e-02
 3014	8.356992e-02
 3015	8.353445e-02
 3016	8.349895e-02
 3017	8.346343e-02
 3018	8.342788e-02
 3019	8.339230e-02
 3020	8.335669e-02
 3021	8.332105e-02
 3022	8.328538e-02
 3023	8.324968e-02
 3024	8.321394e-02
 3025	8.317817e-02
 3026	8.314237e-02
 3027	8.310653e-02
 3028	8.307065e-02
 3029	8.303473e-02
 3030	8.299877e-02
 3031	8.296278e-02
 3032	8.292674e-02
 3033	8.289066e-02
 3034	8.285453e-02
 3035	8.281837e-02
 3036	8.278215e-02
 3037	8.274589e-02
 3038	8.270959e-02
 3039	8.267323e-02
 3040	8.263682e-02
 3041	8.260037e-02
 3042	8.256386e-02
 3043	8.252730e-02
 3044	8.249069e-02
 3045	8.245402e-02
 3046	8.241730e-02
 3047	8.238052e-02
 3048	8.234369e-02
 3049	8.230679e-02
 3050	8.226984e-02
 3051	8.223282e-02
 3052	8.219575e-02
 3053	8.215861e-02
 3054	8.212141e-02
 3055	8.208414e-02
 3056	8.204681e-02
 3057	8.200941e-02
 3058	8.197195e-02
 3059	8.193441e-02
 3060	8.189681e-02
 3061	8.185914e-02
 3062	8.182140e-02
 3063	8.178358e-02
 3064	8.174569e-02
 3065	8.170773e-02
 3066	8.166969e-02
 3067	8.163158e-02
 3068	8.159339e-02
 3069	8.155512e-02
 3070	8.151677e-02
 3071	8.147835e-02
 3072	8.143984e-02
 3073	8.140125e-02
 3074	8.136258e-02
 3075	8.132383e-02
 3076	8.128500e-02
 3077	8.124608e-02
 3078	8.120707e-02
 3079	8.116798e-02
 3080	8.112880e-02
 3081	8.108954e-02
 3082	8.105018e-02
 3083	8.101074e-02
 3084	8.097121e-02
 3085	8.093158e-02
 3086	8.089187e-02
 3087	8.085206e-02
 3088	8.081216e-02
 3089	8.077217e-02
 3090	8.073208e-02
 3091	8.069189e-02
 3092	8.065162e-02
 3093	8.061124e-02
 3094	8.057077e-02
 3095	8.053020e-02
 3096	8.048954e-02
 3097	8.044877e-02
 3098	8.040791e-02
 3099	8.036695e-02
 3100	8.032588e-02
 3101	8.028472e-02
 3102	8.024346e-02
 3103	8.020209e-02
 3104	8.016062e-02
 3105	8.011905e-02
 3106	8.007738e-02
 3107	8.003561e-02
 3108	7.999373e-02
 3109	7.995174e-02
 3110	7.990966e-02
 3111	7.986747e-02
 3112	7.982517e-02
 3113	7.978277e-02
 3114	7.974026e-02
 3115	7.969765e-02
 3116	7.965493e-02
 3117	7.961211e-02
 3118	7.956918e-02
 3119	7.952615e-02
 3120	7.948301e-02
 3121	7.943976e-02
 3122	7.939640e-02
 3123	7.935294e-02
 3124	7.930938e-02
 3125	7.926570e-02
 3126	7.922192e-02
 3127	7.917804e-02
 3128	7.913404e-02
 3129	7.908994e-02
 3130	7.904574e-02
 3131	7.900143e-02
 3132	7.895701e-02
 3133	7.891249e-02
 3134	7.886786e-02
 3135	7.882313e-02
 3136	7.877829e-02
 3137	7.873334e-02
 3138	7.868829e-02
 3139	7.864314e-02
 3140	7.859789e-02
 3141	7.855253e-02
 3142	7.850706e-02
 3143	7.846150e-02
 3144	7.841583e-02
 3145	7.837006e-02
 3146	7.832419e-02
 3147	7.827822e-02
 3148	7.823215e-02
 3149	7.818598e-02
 3150	7.813971e-02
 3151	7.809334e-02
 3152	7.804687e-02
 3153	7.800031e-02
 3154	7.795365e-02
 3155	7.790690e-02
 3156	7.786004e-02
 3157	7.781310e-02
 3158	7.776606e-02
 3159	7.771893e-02
 3160	7.767171e-02
 3161	7.762439e-02
 3162	7.757699e-02
 3163	7.752950e-02
 3164	7.748191e-02
 3165	7.743425e-02
 3166	7.738648e-02
 3167	7.733866e-02
 3168	7.729070e-02
 3169	7.724275e-02
 3170	7.719455e-02
 3171	7.714657e-02
 3172	7.709799e-02
 3173	7.705023e-02
 3174	7.700084e-02
 3175	7.695417e-02
 3176	7.690280e-02
 3177	7.686045e-02
 3178	7.680615e-02
 3179	7.678807e-02
 3180	7.676810e-02
 3181	7.700913e-02
 3182	7.767416e-02
 3183	8.149712e-02
 3184	8.312549e-02
 3185	9.680247e-02
 3186	9.498879e-02
 3187	8.533429e-02
 3188	8.561490e-02
 3189	8.287812e-02
 3190	8.522368e-02
 3191	8.277104e-02
 3192	8.485199e-02
 3193	8.257099e-02
 3194	8.474704e-02
 3195	8.249270e-02
 3196	8.460621e-02
 3197	8.239985e-02
 3198	8.450011e-02
 3199	8.232752e-02
 3200	8.438990e-02
 3201	8.226096e-02
 3202	8.428899e-02
 3203	8.220597e-02
 3204	8.418874e-02
 3205	8.216025e-02
 3206	8.409343e-02
 3207	8.212530e-02
 3208	8.399934e-02
 3209	8.210040e-02
 3210	8.390838e-02
 3211	8.208603e-02
 3212	8.381817e-02
 3213	8.208182e-02
 3214	8.372998e-02
 3215	8.208793e-02
 3216	8.364186e-02
 3217	8.210418e-02
 3218	8.355499e-02
 3219	8.213060e-02
 3220	8.346741e-02
 3221	8.216720e-02
 3222	8.338050e-02
 3223	8.221392e-02
 3224	8.329200e-02
 3225	8.227101e-02
 3226	8.320376e-02
 3227	8.233825e-02
 3228	8.311284e-02
 3229	8.241625e-02
 3230	8.302195e-02
 3231	8.250449e-02
 3232	8.292692e-02
 3233	8.260420e-02
 3234	8.283196e-02
 3235	8.271422e-02
 3236	8.273083e-02
 3237	8.283688e-02
 3238	8.263019e-02
 3239	8.296974e-02
 3240	8.252052e-02
 3241	8.311710e-02
 3242	8.241224e-02
 3243	8.327425e-02
 3244	8.229103e-02
 3245	8.344864e-02
 3246	8.217241e-02
 3247	8.363203e-02
 3248	8.203608e-02
 3249	8.383635e-02
 3250	8.190311e-02
 3251	8.404879e-02
 3252	8.174747e-02
 3253	8.428627e-02
 3254	8.159401e-02
 3255	8.453192e-02
 3256	8.141400e-02
 3257	8.480595e-02
 3258	8.123116e-02
 3259	8.509057e-02
 3260	8.101968e-02
 3261	8.540482e-02
 3262	8.079587e-02
 3263	8.573491e-02
 3264	8.054171e-02
 3265	8.609382e-02
 3266	8.026306e-02
 3267	8.647443e-02
 3268	7.994985e-02
 3269	8.688188e-02
 3270	7.960055e-02
 3271	8.731276e-02
 3272	7.921017e-02
 3273	8.776513e-02
 3274	7.877693e-02
 3275	8.823254e-02
 3276	7.830208e-02
 3277	8.870487e-02
 3278	7.779259e-02
 3279	8.916762e-02
 3280	7.726260e-02
 3281	8.960382e-02
 3282	7.673258e-02
 3283	8.999831e-02
 3284	7.622471e-02
 3285	9.034277e-02
 3286	7.575601e-02
 3287	9.063771e-02
 3288	7.533400e-02
 3289	9.088952e-02
 3290	7.495788e-02
 3291	9.110573e-02
 3292	7.462288e-02
 3293	9.129269e-02
 3294	7.432338e-02
 3295	9.145540e-02
 3296	7.405420e-02
 3297	9.159780e-02
 3298	7.381083e-02
 3299	9.172306e-02
 3300	7.358946e-02
 3301	9.183374e-02
 3302	7.338696e-02
 3303	9.193192e-02
 3304	7.320070e-02
 3305	9.201931e-02
 3306	7.302856e-02
 3307	9.209735e-02
 3308	7.286876e-02
 3309	9.216721e-02
 3310	7.271981e-02
 3311	9.222988e-02
 3312	7.258052e-02
 3313	9.228617e-02
 3314	7.244984e-02
 3315	9.233677e-02
 3316	7.232694e-02
 3317	9.238226e-02
 3318	7.221108e-02
 3319	9.242314e-02
 3320	7.210165e-02
 3321	9.245983e-02
 3322	7.199813e-02
 3323	9.249268e-02
 3324	7.190008e-02
 3325	9.252200e-02
 3326	7.180709e-02
 3327	9.254805e-02
 3328	7.171885e-02
 3329	9.257109e-02
 3330	7.163506e-02
 3331	9.259129e-02
 3332	7.155546e-02
 3333	9.260885e-02
 3334	7.147983e-02
 3335	9.262392e-02
 3336	7.140797e-02
 3337	9.263667e-02
 3338	7.133971e-02
 3339	9.264716e-02
 3340	7.127490e-02
 3341	9.265563e-02
 3342	7.121339e-02
 3343	9.266197e-02
 3344	7.115506e-02
 3345	9.266667e-02
 3346	7.109984e-02
 3347	9.266907e-02
 3348	7.104753e-02
 3349	9.267065e-02
 3350	7.099825e-02
 3351	9.266885e-02
 3352	7.095151e-02
 3353	9.266878e-02
 3354	7.090810e-02
 3355	9.266077e-02
 3356	7.086613e-02
 3357	9.266383e-02
 3358	7.082948e-02
 3359	9.264080e-02
 3360	7.078967e-02
 3361	9.266530e-02
 3362	7.076469e-02
 3363	9.259107e-02
 3364	7.071610e-02
 3365	9.271021e-02
 3366	7.072596e-02
 3367	9.243588e-02
 3368	7.062081e-02
 3369	9.294558e-02
 3370	7.077358e-02
 3371	9.184745e-02
 3372	7.041357e-02
 3373	9.390548e-02
 3374	7.123126e-02
 3375	8.930532e-02
 3376	6.999754e-02
 3377	9.652670e-02
 3378	7.320761e-02
 3379	8.110796e-02
 3380	7.033725e-02
 3381	9.500002e-02
 3382	7.078457e-02
 3383	9.058005e-02
 3384	6.960499e-02
 3385	9.670957e-02
 3386	7.283181e-02
 3387	8.221970e-02
 3388	6.974557e-02
 3389	9.664670e-02
 3390	7.186778e-02
 3391	8.559398e-02
 3392	6.922685e-02
 3393	9.806813e-02
 3394	7.258746e-02
 3395	8.224763e-02
 3396	6.948483e-02
 3397	9.678617e-02
 3398	7.172734e-02
 3399	8.608142e-02
 3400	6.896604e-02
 3401	9.794662e-02
 3402	7.216408e-02
 3403	8.385472e-02
 3404	6.911132e-02
 3405	9.731449e-02
 3406	7.205876e-02
 3407	8.484603e-02
 3408	6.892521e-02
 3409	9.749700e-02
 3410	7.191094e-02
 3411	8.534048e-02
 3412	6.887994e-02
 3413	9.732877e-02
 3414	7.190984e-02
 3415	8.563195e-02
 3416	6.887971e-02
 3417	9.712271e-02
 3418	7.189664e-02
 3419	8.603143e-02
 3420	6.889224e-02
 3421	9.691539e-02
 3422	7.188243e-02
 3423	8.645014e-02
 3424	6.893757e-02
 3425	9.667346e-02
 3426	7.188871e-02
 3427	8.684347e-02
 3428	6.901855e-02
 3429	9.640071e-02
 3430	7.190292e-02
 3431	8.724306e-02
 3432	6.913490e-02
 3433	9.609690e-02
 3434	7.192278e-02
 3435	8.764885e-02
 3436	6.928960e-02
 3437	9.575775e-02
 3438	7.194623e-02
 3439	8.806289e-02
 3440	6.948490e-02
 3441	9.537934e-02
 3442	7.196964e-02
 3443	8.849005e-02
 3444	6.972302e-02
 3445	9.495668e-02
 3446	7.198914e-02
 3447	8.893457e-02
 3448	7.000561e-02
 3449	9.448477e-02
 3450	7.200062e-02
 3451	8.939926e-02
 3452	7.033255e-02
 3453	9.396092e-02
 3454	7.200101e-02
 3455	8.988165e-02
 3456	7.069889e-02
 3457	9.339078e-02
 3458	7.199136e-02
 3459	9.036662e-02
 3460	7.108926e-02
 3461	9.280036e-02
 3462	7.198261e-02
 3463	9.081610e-02
 3464	7.147212e-02
 3465	9.224973e-02
 3466	7.199960e-02
 3467	9.116803e-02
 3468	7.180585e-02
 3469	9.182216e-02
 3470	7.207108e-02
 3471	9.136718e-02
 3472	7.206800e-02
 3473	9.156282e-02
 3474	7.220386e-02
 3475	9.141700e-02
 3476	7.227735e-02
 3477	9.143043e-02
 3478	7.237645e-02
 3479	9.137877e-02
 3480	7.246951e-02
 3481	9.134748e-02
 3482	7.256638e-02
 3483	9.130826e-02
 3484	7.266525e-02
 3485	9.126776e-02
 3486	7.276674e-02
 3487	9.122405e-02
 3488	7.287122e-02
 3489	9.117675e-02
 3490	7.297909e-02
 3491	9.112529e-02
 3492	7.309082e-02
 3493	9.106908e-02
 3494	7.320696e-02
 3495	9.100748e-02
 3496	7.332814e-02
 3497	9.093986e-02
 3498	7.345510e-02
 3499	9.086550e-02
 3500	7.358870e-02
 3501	9.078365e-02
 3502	7.372997e-02
 3503	9.069351e-02
 3504	7.388008e-02
 3505	9.059415e-02
 3506	7.404044e-02
 3507	9.048458e-02
 3508	7.421265e-02
 3509	9.036366e-02
 3510	7.439858e-02
 3511	9.023009e-02
 3512	7.460033e-02
 3513	9.008241e-02
 3514	7.482025e-02
 3515	8.991893e-02
 3516	7.506093e-02
 3517	8.973775e-02
 3518	7.532508e-02
 3519	8.953675e-02
 3520	7.561556e-02
 3521	8.931357e-02
 3522	7.593521e-02
 3523	8.906570e-02
 3524	7.628684e-02
 3525	8.879052e-02
 3526	7.667317e-02
 3527	8.848545e-02
 3528	7.709683e-02
 3529	8.814811e-02
 3530	7.756041e-02
 3531	8.777663e-02
 3532	7.806647e-02
 3533	8.737012e-02
 3534	7.861737e-02
 3535	8.692948e-02
 3536	7.921459e-02
 3537	8.645894e-02
 3538	7.985718e-02
 3539	8.596837e-02
 3540	8.053878e-02
 3541	8.547643e-02
 3542	8.124319e-02
 3543	8.501297e-02
 3544	8.194044e-02
 3545	8.461741e-02
 3546	8.258811e-02
 3547	8.432886e-02
 3548	8.314324e-02
 3549	8.416972e-02
 3550	8.358109e-02
 3551	8.413327e-02
 3552	8.390544e-02
 3553	8.418659e-02
 3554	8.414010e-02
 3555	8.428625e-02
 3556	8.431087e-02
 3557	8.439394e-02
 3558	8.443369e-02
 3559	8.448320e-02
 3560	8.451373e-02
 3561	8.453848e-02
 3562	8.455021e-02
 3563	8.455167e-02
 3564	8.454125e-02
 3565	8.451957e-02
 3566	8.448651e-02
 3567	8.444249e-02
 3568	8.438790e-02
 3569	8.432330e-02
 3570	8.424929e-02
 3571	8.416653e-02
 3572	8.407571e-02
 3573	8.397752e-02
 3574	8.387262e-02
 3575	8.376165e-02
 3576	8.364521e-02
 3577	8.352384e-02
 3578	8.339803e-02
 3579	8.326821e-02
 3580	8.313474e-02
 3581	8.299793e-02
 3582	8.285801e-02
 3583	8.271516e-02
 3584	8.256947e-02
 3585	8.242100e-02
 3586	8.226970e-02
 3587	8.211547e-02
 3588	8.195815e-02
 3589	8.179747e-02
 3590	8.163305e-02
 3591	8.146444e-02
 3592	8.129102e-02
 3593	8.111202e-02
 3594	8.092645e-02
 3595	8.073303e-02
 3596	8.053014e-02
 3597	8.031563e-02
 3598	8.008663e-02
 3599	7.983924e-02
 3600	7.956797e-02
 3601	7.926493e-02
 3602	7.891832e-02
 3603	7.850979e-02
 3604	7.800967e-02
 3605	7.736779e-02
 3606	7.649664e-02
 3607	7.524450e-02
 3608	7.338344e-02
 3609	7.077304e-02
 3610	6.797875e-02
 3611	6.628303e-02
 3612	6.568080e-02
 3613	6.537432e-02
 3614	6.521714e-02
 3615	6.508506e-02
 3616	6.497922e-02
 3617	6.487468e-02
 3618	6.477774e-02
 3619	6.468226e-02
 3620	6.459069e-02
 3621	6.450100e-02
 3622	6.441387e-02
 3623	6.432855e-02
 3624	6.424517e-02
 3625	6.416343e-02
 3626	6.408332e-02
 3627	6.400473e-02
 3628	6.392761e-02
 3629	6.385191e-02
 3630	6.377759e-02
 3631	6.370462e-02
 3632	6.363295e-02
 3633	6.356256e-02
 3634	6.349342e-02
 3635	6.342548e-02
 3636	6.335872e-02
 3637	6.329309e-02
 3638	6.322856e-02
 3639	6.316507e-02
 3640	6.310259e-02
 3641	6.304105e-02
 3642	6.298042e-02
 3643	6.292062e-02
 3644	6.286161e-02
 3645	6.280331e-02
 3646	6.274567e-02
 3647	6.268861e-02
 3648	6.263208e-02
 3649	6.257599e-02
 3650	6.252029e-02
 3651	6.246491e-02
 3652	6.240977e-02
 3653	6.235482e-02
 3654	6.229999e-02
 3655	6.224523e-02
 3656	6.219047e-02
 3657	6.213566e-02
 3658	6.208076e-02
 3659	6.202572e-02
 3660	6.197051e-02
 3661	6.191508e-02
 3662	6.185941e-02
 3663	6.180348e-02
 3664	6.174727e-02
 3665	6.169076e-02
 3666	6.163395e-02
 3667	6.157684e-02
 3668	6.151942e-02
 3669	6.146170e-02
 3670	6.140369e-02
 3671	6.134541e-02
 3672	6.128686e-02
 3673	6.122806e-02
 3674	6.116904e-02
 3675	6.110981e-02
 3676	6.105040e-02
 3677	6.099082e-02
 3678	6.093110e-02
 3679	6.087126e-02
 3680	6.081133e-02
 3681	6.075132e-02
 3682	6.069125e-02
 3683	6.063116e-02
 3684	6.057104e-02
 3685	6.051093e-02
 3686	6.045084e-02
 3687	6.039078e-02
 3688	6.033076e-02
 3689	6.027081e-02
 3690	6.021093e-02
 3691	6.015113e-02
 3692	6.009143e-02
 3693	6.003183e-02
 3694	5.997233e-02
 3695	5.991295e-02
 3696	5.985369e-02
 3697	5.979456e-02
 3698	5.973556e-02
 3699	5.967669e-02
 3700	5.961795e-02
 3701	5.955936e-02
 3702	5.950091e-02
 3703	5.944260e-02
 3704	5.938444e-02
 3705	5.932642e-02
 3706	5.926855e-02
 3707	5.921083e-02
 3708	5.915326e-02
 3709	5.909583e-02
 3710	5.903855e-02
 3711	5.898142e-02
 3712	5.892444e-02
 3713	5.886760e-02
 3714	5.881092e-02
 3715	5.875438e-02
 3716	5.869798e-02
 3717	5.864174e-02
 3718	5.858563e-02
 3719	5.852968e-02
 3720	5.847387e-02
 3721	5.841820e-02
 3722	5.836267e-02
 3723	5.830729e-02
 3724	5.825205e-02
 3725	5.819696e-02
 3726	5.814200e-02
 3727	5.808719e-02
 3728	5.803252e-02
 3729	5.797798e-02
 3730	5.792359e-02
 3731	5.786933e-02
 3732	5.781522e-02
 3733	5.776124e-02
 3734	5.770740e-02
 3735	5.765370e-02
 3736	5.760014e-02
 3737	5.754671e-02
 3738	5.749342e-02
 3739	5.744027e-02
 3740	5.738725e-02
 3741	5.733437e-02
 3742	5.728162e-02
 3743	5.722901e-02
 3744	5.717654e-02
 3745	5.712420e-02
 3746	5.707199e-02
 3747	5.701992e-02
 3748	5.696799e-02
 3749	5.691618e-02
 3750	5.686452e-02
 3751	5.681298e-02
 3752	5.676158e-02
 3753	5.671032e-02
 3754	5.665918e-02
 3755	5.660818e-02
 3756	5.655732e-02
 3757	5.650659e-02
 3758	5.645599e-02
 3759	5.640552e-02
 3760	5.635519e-02
 3761	5.630499e-02
 3762	5.625492e-02
 3763	5.620499e-02
 3764	5.615519e-02
 3765	5.610552e-02
 3766	5.605599e-02
 3767	5.600659e-02
 3768	5.595732e-02
 3769	5.590819e-02
 3770	5.585918e-02
 3771	5.581032e-02
 3772	5.576158e-02
 3773	5.571298e-02
 3774	5.566452e-02
 3775	5.561618e-02
 3776	5.556798e-02
 3777	5.551992e-02
 3778	5.547199e-02
 3779	5.542419e-02
 3780	5.537653e-02
 3781	5.532900e-02
 3782	5.528160e-02
 3783	5.523434e-02
 3784	5.518722e-02
 3785	5.514023e-02
 3786	5.509338e-02
 3787	5.504666e-02
 3788	5.500008e-02
 3789	5.495363e-02
 3790	5.490732e-02
 3791	5.486114e-02
 3792	5.481511e-02
 3793	5.476921e-02
 3794	5.472344e-02
 3795	5.467782e-02
 3796	5.463233e-02
 3797	5.458698e-02
 3798	5.454177e-02
 3799	5.449670e-02
 3800	5.445176e-02
 3801	5.440697e-02
 3802	5.436232e-02
 3803	5.431780e-02
 3804	5.427343e-02
 3805	5.422920e-02
 3806	5.418511e-02
 3807	5.414116e-02
 3808	5.409735e-02
 3809	5.405368e-02
 3810	5.401016e-02
 3811	5.396678e-02
 3812	5.392355e-02
 3813	5.388045e-02
 3814	5.383751e-02
 3815	5.379471e-02
 3816	5.375205e-02
 3817	5.370954e-02
 3818	5.366718e-02
 3819	5.362496e-02
 3820	5.358289e-02
 3821	5.354097e-02
 3822	5.349920e-02
 3823	5.345758e-02
 3824	5.341610e-02
 3825	5.337478e-02
 3826	5.333361e-02
 3827	5.329259e-02
 3828	5.325172e-02
 3829	5.321100e-02
 3830	5.317044e-02
 3831	5.313003e-02
 3832	5.308977e-02
 3833	5.304967e-02
 3834	5.300973e-02
 3835	5.296994e-02
 3836	5.293030e-02
 3837	5.289083e-02
 3838	5.285151e-02
 3839	5.281235e-02
 3840	5.277335e-02
 3841	5.273451e-02
 3842	5.269583e-02
 3843	5.265731e-02
 3844	5.261895e-02
 3845	5.258075e-02
 3846	5.254272e-02
 3847	5.250484e-02
 3848	5.246714e-02
 3849	5.242959e-02
 3850	5.239222e-02
 3851	5.235500e-02
 3852	5.231796e-02
 3853	5.228108e-02
 3854	5.224437e-02
 3855	5.220782e-02
 3856	5.217145e-02
 3857	5.213524e-02
 3858	5.209920e-02
 3859	5.206334e-02
 3860	5.202764e-02
 3861	5.199212e-02
 3862	5.195676e-02
 3863	5.192158e-02
 3864	5.188658e-02
 3865	5.185174e-02
 3866	5.181708e-02
 3867	5.178260e-02
 3868	5.174828e-02
 3869	5.171415e-02
 3870	5.168019e-02
 3871	5.164640e-02
 3872	5.161279e-02
 3873	5.157936e-02
 3874	5.154611e-02
 3875	5.151303e-02
 3876	5.148013e-02
 3877	5.144741e-02
 3878	5.141487e-02
 3879	5.138250e-02
 3880	5.135032e-02
 3881	5.131831e-02
 3882	5.128649e-02
 3883	5.125484e-02
 3884	5.122337e-02
 3885	5.119209e-02
 3886	5.116098e-02
 3887	5.113005e-02
 3888	5.109931e-02
 3889	5.106874e-02
 3890	5.103836e-02
 3891	5.100815e-02
 3892	5.097813e-02
 3893	5.094828e-02
 3894	5.091862e-02
 3895	5.088913e-02
 3896	5.085983e-02
 3897	5.083071e-02
 3898	5.080177e-02
 3899	5.077300e-02
 3900	5.074442e-02
 3901	5.071601e-02
 3902	5.068779e-02
 3903	5.065974e-02
 3904	5.063187e-02
 3905	5.060418e-02
 3906	5.057667e-02
 3907	5.054934e-02
 3908	5.052218e-02
 3909	5.049520e-02
 3910	5.046840e-02
 3911	5.044177e-02
 3912	5.041532e-02
 3913	5.038904e-02
 3914	5.036293e-02
 3915	5.033700e-02
 3916	5.031124e-02
 3917	5.028566e-02
 3918	5.026025e-02
 3919	5.023500e-02
 3920	5.020993e-02
 3921	5.018503e-02
 3922	5.016030e-02
 3923	5.013573e-02
 3924	5.011133e-02
 3925	5.008710e-02
 3926	5.006303e-02
 3927	5.003913e-02
 3928	5.001539e-02
 3929	4.999182e-02
 3930	4.996841e-02
 3931	4.994516e-02
 3932	4.992206e-02
 3933	4.989913e-02
 3934	4.987636e-02
 3935	4.985374e-02
 3936	4.983128e-02
 3937	4.980897e-02
 3938	4.978682e-02
 3939	4.976482e-02
 3940	4.974297e-02
 3941	4.972127e-02
 3942	4.969972e-02
 3943	4.967831e-02
 3944	4.965706e-02
 3945	4.963595e-02
 3946	4.961498e-02
 3947	4.959416e-02
 3948	4.957347e-02
 3949	4.955293e-02
 3950	4.953253e-02
 3951	4.951226e-02
 3952	4.949213e-02
 3953	4.947214e-02
 3954	4.945227e-02
 3955	4.943254e-02
 3956	4.941294e-02
 3957	4.939347e-02
 3958	4.937413e-02
 3959	4.935491e-02
 3960	4.933581e-02
 3961	4.931684e-02
 3962	4.929799e-02
 3963	4.927926e-02
 3964	4.926065e-02
 3965	4.924215e-02
 3966	4.922377e-02
 3967	4.920551e-02
 3968	4.918735e-02
 3969	4.916930e-02
 3970	4.915137e-02
 3971	4.913354e-02
 3972	4.911581e-02
 3973	4.909819e-02
 3974	4.908067e-02
 3975	4.906325e-02
 3976	4.904592e-02
 3977	4.902870e-02
 3978	4.901157e-02
 3979	4.899453e-02
 3980	4.897758e-02
 3981	4.896072e-02
 3982	4.894395e-02
 3983	4.892727e-02
 3984	4.891067e-02
 3985	4.889415e-02
 3986	4.887771e-02
 3987	4.886135e-02
 3988	4.884507e-02
 3989	4.882886e-02
 3990	4.881273e-02
 3991	4.879666e-02
 3992	4.878067e-02
 3993	4.876474e-02
 3994	4.874888e-02
 3995	4.873308e-02
 3996	4.871735e-02
 3997	4.870167e-02
 3998	4.868606e-02
 3999	4.867050e-02
 4000	4.865499e-02
 4001	4.863953e-02
 4002	4.862413e-02
 4003	4.860878e-02
 4004	4.859347e-02
 4005	4.857821e-02
 4006	4.856299e-02
 4007	4.854781e-02
 4008	4.853267e-02
 4009	4.851757e-02
 4010	4.850251e-02
 4011	4.848748e-02
 4012	4.847248e-02
 4013	4.845751e-02
 4014	4.844257e-02
 4015	4.842766e-02
 4016	4.841278e-02
 4017	4.839792e-02
 4018	4.838308e-02
 4019	4.836826e-02
 4020	4.835346e-02
 4021	4.833868e-02
 4022	4.832391e-02
 4023	4.830915e-02
 4024	4.829441e-02
 4025	4.827968e-02
 4026	4.826496e-02
 4027	4.825025e-02
 4028	4.823554e-02
 4029	4.822084e-02
 4030	4.820614e-02
 4031	4.819145e-02
 4032	4.817676e-02
 4033	4.816206e-02
 4034	4.814737e-02
 4035	4.813267e-02
 4036	4.811797e-02
 4037	4.810327e-02
 4038	4.808855e-02
 4039	4.807384e-02
 4040	4.805911e-02
 4041	4.804438e-02
 4042	4.802963e-02
 4043	4.801488e-02
 4044	4.800012e-02
 4045	4.798534e-02
 4046	4.797055e-02
 4047	4.795575e-02
 4048	4.794093e-02
 4049	4.792610e-02
 4050	4.791126e-02
 4051	4.789640e-02
 4052	4.788153e-02
 4053	4.786664e-02
 4054	4.785173e-02
 4055	4.783681e-02
 4056	4.782187e-02
 4057	4.780691e-02
 4058	4.779194e-02
 4059	4.777695e-02
 4060	4.776195e-02
 4061	4.774693e-02
 4062	4.773189e-02
 4063	4.771683e-02
 4064	4.770176e-02
 4065	4.768668e-02
 4066	4.767158e-02
 4067	4.765646e-02
 4068	4.764133e-02
 4069	4.762618e-02
 4070	4.761102e-02
 4071	4.759585e-02
 4072	4.758067e-02
 4073	4.756547e-02
 4074	4.755026e-02
 4075	4.753504e-02
 4076	4.751981e-02
 4077	4.750457e-02
 4078	4.748932e-02
 4079	4.747406e-02
 4080	4.745880e-02
 4081	4.744353e-02
 4082	4.742825e-02
 4083	4.741296e-02
 4084	4.739768e-02
 4085	4.738239e-02
 4086	4.736709e-02
 4087	4.735180e-02
 4088	4.733650e-02
 4089	4.732121e-02
 4090	4.730591e-02
 4091	4.729062e-02
 4092	4.727533e-02
 4093	4.726004e-02
 4094	4.724475e-02
 4095	4.722948e-02
 4096	4.721420e-02
 4097	4.719894e-02
 4098	4.718368e-02
 4099	4.716843e-02
 4100	4.715319e-02
 4101	4.713796e-02
 4102	4.712274e-02
 4103	4.710753e-02
 4104	4.709233e-02
 4105	4.707715e-02
 4106	4.706198e-02
 4107	4.704682e-02
 4108	4.703168e-02
 4109	4.701656e-02
 4110	4.700145e-02
 4111	4.698636e-02
 4112	4.697129e-02
 4113	4.695623e-02
 4114	4.694120e-02
 4115	4.692618e-02
 4116	4.691119e-02
 4117	4.689621e-02
 4118	4.688125e-02
 4119	4.686632e-02
 4120	4.685141e-02
 4121	4.683652e-02
 4122	4.682165e-02
 4123	4.680681e-02
 4124	4.679198e-02
 4125	4.677719e-02
 4126	4.676241e-02
 4127	4.674766e-02
 4128	4.673294e-02
 4129	4.671824e-02
 4130	4.670356e-02
 4131	4.668891e-02
 4132	4.667429e-02
 4133	4.665969e-02
 4134	4.664511e-02
 4135	4.663057e-02
 4136	4.661604e-02
 4137	4.660155e-02
 4138	4.658708e-02
 4139	4.657263e-02
 4140	4.655822e-02
 4141	4.654383e-02
 4142	4.652946e-02
 4143	4.651512e-02
 4144	4.650081e-02
 4145	4.648652e-02
 4146	4.647227e-02
 4147	4.645803e-02
 4148	4.644383e-02
 4149	4.642965e-02
 4150	4.641549e-02
 4151	4.640137e-02
 4152	4.638726e-02
 4153	4.637319e-02
 4154	4.635914e-02
 4155	4.634512e-02
 4156	4.633112e-02
 4157	4.631715e-02
 4158	4.630320e-02
 4159	4.628929e-02
 4160	4.627539e-02
 4161	4.626152e-02
 4162	4.624768e-02
 4163	4.623386e-02
 4164	4.622007e-02
 4165	4.620630e-02
 4166	4.619256e-02
 4167	4.617884e-02
 4168	4.616515e-02
 4169	4.615148e-02
 4170	4.613784e-02
 4171	4.612422e-02
 4172	4.611062e-02
 4173	4.609705e-02
 4174	4.608350e-02
 4175	4.606998e-02
 4176	4.605648e-02
 4177	4.604301e-02
 4178	4.602955e-02
 4179	4.601613e-02
 4180	4.600272e-02
 4181	4.598934e-02
 4182	4.597598e-02
 4183	4.596265e-02
 4184	4.594934e-02
 4185	4.593605e-02
 4186	4.592278e-02
 4187	4.590954e-02
 4188	4.589632e-02
 4189	4.588313e-02
 4190	4.586995e-02
 4191	4.585680e-02
 4192	4.584367e-02
 4193	4.583056e-02
 4194	4.581748e-02
 4195	4.580442e-02
 4196	4.579138e-02
 4197	4.577836e-02
 4198	4.576537e-02
 4199	4.575239e-02
 4200	4.573944e-02
 4201	4.572651e-02
 4202	4.571361e-02
 4203	4.570072e-02
 4204	4.568786e-02
 4205	4.567502e-02
 4206	4.566220e-02
 4207	4.564941e-02
 4208	4.563663e-02
 4209	4.562388e-02
 4210	4.561115e-02
 4211	4.559844e-02
 4212	4.558575e-02
 4213	4.557309e-02
 4214	4.556045e-02
 4215	4.554783e-02
 4216	4.553523e-02
 4217	4.552265e-02
 4218	4.551010e-02
 4219	4.549757e-02
 4220	4.548506e-02
 4221	4.547257e-02
 4222	4.546010e-02
 4223	4.544766e-02
 4224	4.543524e-02
 4225	4.542284e-02
 4226	4.541046e-02
 4227	4.539811e-02
 4228	4.538578e-02
 4229	4.537347e-02
 4230	4.536118e-02
 4231	4.534892e-02
 4232	4.533668e-02
 4233	4.532446e-02
 4234	4.531226e-02
 4235	4.530009e-02
 4236	4.528794e-02
 4237	4.527581e-02
 4238	4.526371e-02
 4239	4.525163e-02
 4240	4.523957e-02
 4241	4.522754e-02
 4242	4.521553e-02
 4243	4.520354e-02
 4244	4.519157e-02
 4245	4.517963e-02
 4246	4.516772e-02
 4247	4.515582e-02
 4248	4.514395e-02
 4249	4.513211e-02
 4250	4.512029e-02
 4251	4.510849e-02
 4252	4.509672e-02
 4253	4.508497e-02
 4254	4.507324e-02
 4255	4.506154e-02
 4256	4.504986e-02
 4257	4.503821e-02
 4258	4.502659e-02
 4259	4.501498e-02
 4260	4.500341e-02
 4261	4.499185e-02
 4262	4.498032e-02
 4263	4.496882e-02
 4264	4.495734e-02
 4265	4.494589e-02
 4266	4.493447e-02
 4267	4.492306e-02
 4268	4.491169e-02
 4269	4.490034e-02
 4270	4.488901e-02
 4271	4.487771e-02
 4272	4.486644e-02
 4273	4.485519e-02
 4274	4.484397e-02
 4275	4.483278e-02
 4276	4.482161e-02
 4277	4.481047e-02
 4278	4.479935e-02
 4279	4.478826e-02
 4280	4.477720e-02
 4281	4.476616e-02
 4282	4.475515e-02
 4283	4.474417e-02
 4284	4.473321e-02
 4285	4.472228e-02
 4286	4.471138e-02
 4287	4.470050e-02
 4288	4.468966e-02
 4289	4.467883e-02
 4290	4.466804e-02
 4291	4.465727e-02
 4292	4.464654e-02
 4293	4.463582e-02
 4294	4.462514e-02
 4295	4.461448e-02
 4296	4.460386e-02
 4297	4.459325e-02
 4298	4.458268e-02
 4299	4.457214e-02
 4300	4.456162e-02
 4301	4.455113e-02
 4302	4.454067e-02
 4303	4.453024e-02
 4304	4.451983e-02
 4305	4.450945e-02
 4306	4.449911e-02
 4307	4.448878e-02
 4308	4.447849e-02
 4309	4.446823e-02
 4310	4.445799e-02
 4311	4.444779e-02
 4312	4.443761e-02
 4313	4.442746e-02
 4314	4.441734e-02
 4315	4.440724e-02
 4316	4.439718e-02
 4317	4.438714e-02
 4318	4.437714e-02
 4319	4.436716e-02
 4320	4.435721e-02
 4321	4.434729e-02
 4322	4.433740e-02
 4323	4.432753e-02
 4324	4.431770e-02
 4325	4.430789e-02
 4326	4.429812e-02
 4327	4.428837e-02
 4328	4.427865e-02
 4329	4.426896e-02
 4330	4.425929e-02
 4331	4.424966e-02
 4332	4.424006e-02
 4333	4.423048e-02
 4334	4.422093e-02
 4335	4.421141e-02
 4336	4.420192e-02
 4337	4.419246e-02
 4338	4.418303e-02
 4339	4.417363e-02
 4340	4.416425e-02
 4341	4.415490e-02
 4342	4.414559e-02
 4343	4.413630e-02
 4344	4.412704e-02
 4345	4.411780e-02
 4346	4.410860e-02
 4347	4.409943e-02
 4348	4.409028e-02
 4349	4.408116e-02
 4350	4.407207e-02
 4351	4.406301e-02
 4352	4.405397e-02
 4353	4.404497e-02
 4354	4.403599e-02
 4355	4.402704e-02
 4356	4.401812e-02
 4357	4.400923e-02
 4358	4.400036e-02
 4359	4.399153e-02
 4360	4.398272e-02
 4361	4.397393e-02
 4362	4.396518e-02
 4363	4.395645e-02
 4364	4.394776e-02
 4365	4.393908e-02
 4366	4.393044e-02
 4367	4.392183e-02
 4368	4.391324e-02
 4369	4.390467e-02
 4370	4.389614e-02
 4371	4.388763e-02
 4372	4.387915e-02
 4373	4.387070e-02
 4374	4.386227e-02
 4375	4.385387e-02
 4376	4.384550e-02
 4377	4.383716e-02
 4378	4.382884e-02
 4379	4.382054e-02
 4380	4.381228e-02
 4381	4.380404e-02
 4382	4.379582e-02
 4383	4.378764e-02
 4384	4.377947e-02
 4385	4.377134e-02
 4386	4.376323e-02
 4387	4.375514e-02
 4388	4.374709e-02
 4389	4.373905e-02
 4390	4.373105e-02
 4391	4.372306e-02
 4392	4.371511e-02
 4393	4.370718e-02
 4394	4.369927e-02
 4395	4.369139e-02
 4396	4.368353e-02
 4397	4.367570e-02
 4398	4.366790e-02
 4399	4.366011e-02
 4400	4.365236e-02
 4401	4.364462e-02
 4402	4.363692e-02
 4403	4.362923e-02
 4404	4.362157e-02
 4405	4.361393e-02
 4406	4.360632e-02
 4407	4.359873e-02
 4408	4.359117e-02
 4409	4.358363e-02
 4410	4.357611e-02
 4411	4.356861e-02
 4412	4.356114e-02
 4413	4.355369e-02
 4414	4.354627e-02
 4415	4.353887e-02
 4416	4.353149e-02
 4417	4.352413e-02
 4418	4.351680e-02
 4419	4.350948e-02
 4420	4.350219e-02
 4421	4.349493e-02
 4422	4.348768e-02
 4423	4.348046e-02
 4424	4.347326e-02
 4425	4.346608e-02
 4426	4.345892e-02
 4427	4.345178e-02
 4428	4.344467e-02
 4429	4.343757e-02
 4430	4.343050e-02
 4431	4.342345e-02
 4432	4.341642e-02
 4433	4.340941e-02
 4434	4.340242e-02
 4435	4.339545e-02
 4436	4.338850e-02
 4437	4.338157e-02
 4438	4.337466e-02
 4439	4.336778e-02
 4440	4.336091e-02
 4441	4.335406e-02
 4442	4.334723e-02
 4443	4.334042e-02
 4444	4.333363e-02
 4445	4.332686e-02
 4446	4.332011e-02
 4447	4.331338e-02
 4448	4.330667e-02
 4449	4.329998e-02
 4450	4.329330e-02
 4451	4.328665e-02
 4452	4.328001e-02
 4453	4.327339e-02
 4454	4.326679e-02
 4455	4.326020e-02
 4456	4.325364e-02
 4457	4.324709e-02
 4458	4.324056e-02
 4459	4.323405e-02
 4460	4.322756e-02
 4461	4.322108e-02
 4462	4.321462e-02
 4463	4.320818e-02
 4464	4.320176e-02
 4465	4.319535e-02
 4466	4.318896e-02
 4467	4.318258e-02
 4468	4.317623e-02
 4469	4.316988e-02
 4470	4.316356e-02
 4471	4.315725e-02
 4472	4.315096e-02
 4473	4.314468e-02
 4474	4.313842e-02
 4475	4.313218e-02
 4476	4.312595e-02
 4477	4.311973e-02
 4478	4.311354e-02
 4479	4.310735e-02
 4480	4.310119e-02
 4481	4.309503e-02
 4482	4.308890e-02
 4483	4.308277e-02
 4484	4.307667e-02
 4485	4.307057e-02
 4486	4.306449e-02
 4487	4.305843e-02
 4488	4.305238e-02
 4489	4.304634e-02
 4490	4.304032e-02
 4491	4.303431e-02
 4492	4.302832e-02
 4493	4.302234e-02
 4494	4.301637e-02
 4495	4.301042e-02
 4496	4.300448e-02
 4497	4.299856e-02
 4498	4.299264e-02
 4499	4.298674e-02
 4500	4.298086e-02
 4501	4.297498e-02
 4502	4.296912e-02
 4503	4.296327e-02
 4504	4.295744e-02
 4505	4.295162e-02
 4506	4.294580e-02
 4507	4.294001e-02
 4508	4.293422e-02
 4509	4.292845e-02
 4510	4.292268e-02
 4511	4.291693e-02
 4512	4.291119e-02
 4513	4.290547e-02
 4514	4.289975e-02
 4515	4.289405e-02
 4516	4.288835e-02
 4517	4.288267e-02
 4518	4.287700e-02
 4519	4.287134e-02
 4520	4.286570e-02
 4521	4.286006e-02
 4522	4.285443e-02
 4523	4.284882e-02
 4524	4.284321e-02
 4525	4.283762e-02
 4526	4.283204e-02
 4527	4.282646e-02
 4528	4.282090e-02
 4529	4.281535e-02
 4530	4.280980e-02
 4531	4.280427e-02
 4532	4.279875e-02
 4533	4.279323e-02
 4534	4.278773e-02
 4535	4.278224e-02
 4536	4.277675e-02
 4537	4.277128e-02
 4538	4.276581e-02
 4539	4.276036e-02
 4540	4.275491e-02
 4541	4.274947e-02
 4542	4.274405e-02
 4543	4.273863e-02
 4544	4.273322e-02
 4545	4.272782e-02
 4546	4.272242e-02
 4547	4.271704e-02
 4548	4.271166e-02
 4549	4.270630e-02
 4550	4.270094e-02
 4551	4.269559e-02
 4552	4.269025e-02
 4553	4.268492e-02
 4554	4.267959e-02
 4555	4.267427e-02
 4556	4.266897e-02
 4557	4.266366e-02
 4558	4.265837e-02
 4559	4.265309e-02
 4560	4.264781e-02
 4561	4.264254e-02
 4562	4.263728e-02
 4563	4.263203e-02
 4564	4.262678e-02
 4565	4.262154e-02
 4566	4.261631e-02
 4567	4.261109e-02
 4568	4.260587e-02
 4569	4.260066e-02
 4570	4.259546e-02
 4571	4.259026e-02
 4572	4.258507e-02
 4573	4.257989e-02
 4574	4.257472e-02
 4575	4.256955e-02
 4576	4.256439e-02
 4577	4.255924e-02
 4578	4.255409e-02
 4579	4.254895e-02
 4580	4.254382e-02
 4581	4.253869e-02
 4582	4.253357e-02
 4583	4.252846e-02
 4584	4.252335e-02
 4585	4.251825e-02
 4586	4.251315e-02
 4587	4.250807e-02
 4588	4.250298e-02
 4589	4.249791e-02
 4590	4.249284e-02
 4591	4.248778e-02
 4592	4.248272e-02
 4593	4.247767e-02
 4594	4.247262e-02
 4595	4.246758e-02
 4596	4.246255e-02
 4597	4.245752e-02
 4598	4.245250e-02
 4599	4.244748e-02
 4600	4.244247e-02
 4601	4.243747e-02
 4602	4.243247e-02
 4603	4.242748e-02
 4604	4.242249e-02
 4605	4.241751e-02
 4606	4.241253e-02
 4607	4.240756e-02
 4608	4.240260e-02
 4609	4.239764e-02
 4610	4.239268e-02
 4611	4.238773e-02
 4612	4.238279e-02
 4613	4.237785e-02
 4614	4.237292e-02
 4615	4.236799e-02
 4616	4.236307e-02
 4617	4.235815e-02
 4618	4.235324e-02
 4619	4.234833e-02
 4620	4.234343e-02
 4621	4.233853e-02
 4622	4.233364e-02
 4623	4.232875e-02
 4624	4.232387e-02
 4625	4.231900e-02
 4626	4.231413e-02
 4627	4.230926e-02
 4628	4.230440e-02
 4629	4.229954e-02
 4630	4.229469e-02
 4631	4.228984e-02
 4632	4.228500e-02
 4633	4.228016e-02
 4634	4.227533e-02
 4635	4.227050e-02
 4636	4.226568e-02
 4637	4.226086e-02
 4638	4.225605e-02
 4639	4.225124e-02
 4640	4.224644e-02
 4641	4.224164e-02
 4642	4.223684e-02
 4643	4.223206e-02
 4644	4.222727e-02
 4645	4.222249e-02
 4646	4.221771e-02
 4647	4.221294e-02
 4648	4.220818e-02
 4649	4.220341e-02
 4650	4.219866e-02
 4651	4.219390e-02
 4652	4.218916e-02
 4653	4.218441e-02
 4654	4.217967e-02
 4655	4.217494e-02
 4656	4.217021e-02
 4657	4.216548e-02
 4658	4.216076e-02
 4659	4.215605e-02
 4660	4.215133e-02
 4661	4.214663e-02
 4662	4.214192e-02
 4663	4.213722e-02
 4664	4.213253e-02
 4665	4.212784e-02
 4666	4.212316e-02
 4667	4.211847e-02
 4668	4.211380e-02
 4669	4.210913e-02
 4670	4.210446e-02
 4671	4.209979e-02
 4672	4.209513e-02
 4673	4.209048e-02
 4674	4.208583e-02
 4675	4.208118e-02
 4676	4.207654e-02
 4677	4.207190e-02
 4678	4.206727e-02
 4679	4.206264e-02
 4680	4.205802e-02
 4681	4.205340e-02
 4682	4.204878e-02
 4683	4.204417e-02
 4684	4.203957e-02
 4685	4.203496e-02
 4686	4.203036e-02
 4687	4.202577e-02
 4688	4.202118e-02
 4689	4.201660e-02
 4690	4.201201e-02
 4691	4.200744e-02
 4692	4.200286e-02
 4693	4.199830e-02
 4694	4.199373e-02
 4695	4.198917e-02
 4696	4.198462e-02
 4697	4.198007e-02
 4698	4.197552e-02
 4699	4.197098e-02
 4700	4.196644e-02
 4701	4.196191e-02
 4702	4.195738e-02
 4703	4.195285e-02
 4704	4.194833e-02
 4705	4.194381e-02
 4706	4.193930e-02
 4707	4.193479e-02
 4708	4.193029e-02
 4709	4.192579e-02
 4710	4.192129e-02
 4711	4.191680e-02
 4712	4.191231e-02
 4713	4.190783e-02
 4714	4.190335e-02
 4715	4.189888e-02
 4716	4.189441e-02
 4717	4.188994e-02
 4718	4.188548e-02
 4719	4.188103e-02
 4720	4.187657e-02
 4721	4.187212e-02
 4722	4.186768e-02
 4723	4.186324e-02
 4724	4.185880e-02
 4725	4.185437e-02
 4726	4.184995e-02
 4727	4.184552e-02
 4728	4.184110e-02
 4729	4.183669e-02
 4730	4.183228e-02
 4731	4.182787e-02
 4732	4.182347e-02
 4733	4.181908e-02
 4734	4.181468e-02
 4735	4.181029e-02
 4736	4.180591e-02
 4737	4.180153e-02
 4738	4.179715e-02
 4739	4.179278e-02
 4740	4.178842e-02
 4741	4.178405e-02
 4742	4.177969e-02
 4743	4.177534e-02
 4744	4.177099e-02
 4745	4.176664e-02
 4746	4.176230e-02
 4747	4.175797e-02
 4748	4.175363e-02
 4749	4.174930e-02
 4750	4.174498e-02
 4751	4.174066e-02
 4752	4.173634e-02
 4753	4.173203e-02
 4754	4.172773e-02
 4755	4.172342e-02
 4756	4.171912e-02
 4757	4.171483e-02
 4758	4.171054e-02
 4759	4.170625e-02
 4760	4.170197e-02
 4761	4.169770e-02
 4762	4.169342e-02
 4763	4.168915e-02
 4764	4.168489e-02
 4765	4.168063e-02
 4766	4.167637e-02
 4767	4.167212e-02
 4768	4.166788e-02
 4769	4.166363e-02
 4770	4.165939e-02
 4771	4.165516e-02
 4772	4.165093e-02
 4773	4.164670e-02
 4774	4.164248e-02
 4775	4.163827e-02
 4776	4.163405e-02
 4777	4.162985e-02
 4778	4.162564e-02
 4779	4.162144e-02
 4780	4.161725e-02
 4781	4.161306e-02
 4782	4.160887e-02
 4783	4.160469e-02
 4784	4.160051e-02
 4785	4.159633e-02
 4786	4.159216e-02
 4787	4.158800e-02
 4788	4.158384e-02
 4789	4.157968e-02
 4790	4.157553e-02
 4791	4.157138e-02
 4792	4.156724e-02
 4793	4.156310e-02
 4794	4.155896e-02
 4795	4.155483e-02
 4796	4.155071e-02
 4797	4.154658e-02
 4798	4.154247e-02
 4799	4.153835e-02
 4800	4.153424e-02
 4801	4.153014e-02
 4802	4.152604e-02
 4803	4.152194e-02
 4804	4.151785e-02
 4805	4.151376e-02
 4806	4.150968e-02
 4807	4.150560e-02
 4808	4.150152e-02
 4809	4.149745e-02
 4810	4.149338e-02
 4811	4.148932e-02
 4812	4.148526e-02
 4813	4.148121e-02
 4814	4.147716e-02
 4815	4.147312e-02
 4816	4.146908e-02
 4817	4.146504e-02
 4818	4.146101e-02
 4819	4.145698e-02
 4820	4.145296e-02
 4821	4.144894e-02
 4822	4.144492e-02
 4823	4.144091e-02
 4824	4.143690e-02
 4825	4.143290e-02
 4826	4.142890e-02
 4827	4.142491e-02
 4828	4.142092e-02
 4829	4.141694e-02
 4830	4.141296e-02
 4831	4.140898e-02
 4832	4.140501e-02
 4833	4.140104e-02
 4834	4.139707e-02
 4835	4.139311e-02
 4836	4.138916e-02
 4837	4.138521e-02
 4838	4.138126e-02
 4839	4.137732e-02
 4840	4.137338e-02
 4841	4.136945e-02
 4842	4.136552e-02
 4843	4.136159e-02
 4844	4.135767e-02
 4845	4.135375e-02
 4846	4.134984e-02
 4847	4.134593e-02
 4848	4.134203e-02
 4849	4.133813e-02
 4850	4.133423e-02
 4851	4.133034e-02
 4852	4.132645e-02
 4853	4.132257e-02
 4854	4.131869e-02
 4855	4.131481e-02
 4856	4.131094e-02
 4857	4.130708e-02
 4858	4.130322e-02
 4859	4.129936e-02
 4860	4.129550e-02
 4861	4.129165e-02
 4862	4.128781e-02
 4863	4.128397e-02
 4864	4.128013e-02
 4865	4.127630e-02
 4866	4.127247e-02
 4867	4.126865e-02
 4868	4.126483e-02
 4869	4.126101e-02
 4870	4.125720e-02
 4871	4.125339e-02
 4872	4.124959e-02
 4873	4.124579e-02
 4874	4.124199e-02
 4875	4.123820e-02
 4876	4.123441e-02
 4877	4.123063e-02
 4878	4.122685e-02
 4879	4.122308e-02
 4880	4.121931e-02
 4881	4.121554e-02
 4882	4.121178e-02
 4883	4.120802e-02
 4884	4.120427e-02
 4885	4.120052e-02
 4886	4.119678e-02
 4887	4.119303e-02
 4888	4.118930e-02
 4889	4.118556e-02
 4890	4.118184e-02
 4891	4.117811e-02
 4892	4.117439e-02
 4893	4.117067e-02
 4894	4.116696e-02
 4895	4.116325e-02
 4896	4.115955e-02
 4897	4.115585e-02
 4898	4.115215e-02
 4899	4.114846e-02
 4900	4.114478e-02
 4901	4.114109e-02
 4902	4.113741e-02
 4903	4.113374e-02
 4904	4.113007e-02
 4905	4.112640e-02
 4906	4.112274e-02
 4907	4.111908e-02
 4908	4.111542e-02
 4909	4.111177e-02
 4910	4.110813e-02
 4911	4.110448e-02
 4912	4.110084e-02
 4913	4.109721e-02
 4914	4.109358e-02
 4915	4.108995e-02
 4916	4.108633e-02
 4917	4.108271e-02
 4918	4.107910e-02
 4919	4.107549e-02
 4920	4.107188e-02
 4921	4.106828e-02
 4922	4.106468e-02
 4923	4.106109e-02
 4924	4.105750e-02
 4925	4.105391e-02
 4926	4.105033e-02
 4927	4.104675e-02
 4928	4.104318e-02
 4929	4.103961e-02
 4930	4.103604e-02
 4931	4.103248e-02
 4932	4.102892e-02
 4933	4.102537e-02
 4934	4.102182e-02
 4935	4.101827e-02
 4936	4.101473e-02
 4937	4.101119e-02
 4938	4.100766e-02
 4939	4.100413e-02
 4940	4.100060e-02
 4941	4.099708e-02
 4942	4.099356e-02
 4943	4.099005e-02
 4944	4.098654e-02
 4945	4.098303e-02
 4946	4.097953e-02
 4947	4.097603e-02
 4948	4.097254e-02
 4949	4.096905e-02
 4950	4.096556e-02
 4951	4.096208e-02
 4952	4.095860e-02
 4953	4.095513e-02
 4954	4.095165e-02
 4955	4.094819e-02
 4956	4.094473e-02
 4957	4.094127e-02
 4958	4.093781e-02
 4959	4.093436e-02
 4960	4.093091e-02
 4961	4.092747e-02
 4962	4.092403e-02
 4963	4.092060e-02
 4964	4.091716e-02
 4965	4.091374e-02
 4966	4.091031e-02
 4967	4.090689e-02
 4968	4.090348e-02
 4969	4.090007e-02
 4970	4.089666e-02
 4971	4.089325e-02
 4972	4.088985e-02
 4973	4.088646e-02
 4974	4.088306e-02
 4975	4.087968e-02
 4976	4.087629e-02
 4977	4.087291e-02
 4978	4.086953e-02
 4979	4.086616e-02
 4980	4.086279e-02
 4981	4.085942e-02
 4982	4.085606e-02
 4983	4.085270e-02
 4984	4.084935e-02
 4985	4.084600e-02
 4986	4.084265e-02
 4987	4.083931e-02
 4988	4.083597e-02
 4989	4.083264e-02
 4990	4.082931e-02
 4991	4.082598e-02
 4992	4.082266e-02
 4993	4.081934e-02
 4994	4.081602e-02
 4995	4.081271e-02
 4996	4.080940e-02
 4997	4.080610e-02
 4998	4.080280e-02
 4999	4.079950e-02
 5000	4.079621e-02
# writing weights to disk
# freeing the network and exitting
